00 151.7001 151.7001
01 141.2152 141.2152
02 220.0260 220.0260
03 187.7693 187.7693
04 225.8620 225.8620
05 150.0000 150.0000
06 180.0983 180.0983
07 142.5006 142.5006
08 158.6087 158.6087
09 102.2138 102.2138
10 191.8023 191.8023
11 150.0000 150.0000
12 179.5097 179.5097
13 216.6884 216.6884
14 165.2657 165.2657
15 140.8395 140.8395
16 239.7709 239.7709
17 201.3463 201.3463
18 150.0000 150.0000
19 191.6133 191.6133
20 159.2593 159.2593
21 164.1045 164.1045
22 117.1244 117.1244
23 126.5382 126.5382
24 220.3577 220.3577
25 191.8501 191.8501
26 151.2114 151.2114
27 115.7509 115.7509
28 154.6573 154.6573
29 147.3364 147.3364
30 169.4989 169.4989
31 109.5820 109.5820
32 171.8902 171.8902
33 146.3809 146.3809
34 162.8047 162.8047
35 201.2286 201.2286
36 176.0735 176.0735
37 159.6667 159.6667
38 142.8574 142.8574
39 173.1278 173.1278
40 166.8043 166.8043
41 174.1935 174.1935
42 205.0106 205.0106
43 195.0382 195.0382
44 196.0038 196.0038
45 185.8085 185.8085
46 166.2746 166.2746
47 188.2126 188.2126
48 193.5043 193.5043
49 212.4113 212.4113
50 171.8706 171.8706
51 150.0000 150.0000
52 176.9085 176.9085
53 170.3894 170.3894
54 128.9216 128.9216
55 148.5185 148.5185
56 199.2825 199.2825
57 136.3890 136.3890
58 176.5846 176.5846
59 178.5368 178.5368
