0 0.16724 -0.23018 0.78439
1 0.27060 0.08792 0.78439
2 0.00000 0.28452 0.78439
3 -0.27060 0.08792 0.78439
4 -0.16724 -0.23018 0.78439
5 0.00000 -0.52426 0.64915
6 0.49860 -0.16200 0.64915
7 0.30815 0.42413 0.64915
8 -0.30815 0.42413 0.64915
9 -0.49860 -0.16200 0.64915
10 -0.23160 -0.71278 0.46967
11 0.23160 -0.71278 0.46967
12 0.60633 -0.44052 0.46967
13 0.74946 -0.00000 0.46967
14 0.60633 0.44052 0.46967
15 0.23160 0.71278 0.46967
16 -0.23160 0.71278 0.46967
17 -0.60633 0.44052 0.46967
18 -0.74946 -0.00000 0.46967
19 -0.60633 -0.44052 0.46967
20 -0.47954 -0.66003 0.17632
21 0.00000 -0.81585 0.17632
22 0.47954 -0.66003 0.17632
23 0.77592 -0.25211 0.17632
24 0.77592 0.25211 0.17632
25 0.47954 0.66003 0.17632
26 0.00000 0.81585 0.17632
27 -0.47954 0.66003 0.17632
28 -0.77592 0.25211 0.17632
29 -0.77592 -0.25211 0.17632
30 -0.25253 -0.77720 -0.15169
31 0.25253 -0.77720 -0.15169
32 0.66113 -0.48034 -0.15169
33 0.81720 -0.00000 -0.15169
34 0.66113 0.48034 -0.15169
35 0.25253 0.77720 -0.15169
36 -0.25253 0.77720 -0.15169
37 -0.66113 0.48034 -0.15169
38 -0.81720 -0.00000 -0.15169
39 -0.66113 -0.48034 -0.15169
40 0.00000 -0.74600 -0.47398
41 0.43849 -0.60353 -0.47398
42 0.70949 -0.23053 -0.47398
43 0.70949 0.23053 -0.47398
44 0.43849 0.60353 -0.47398
45 0.00000 0.74600 -0.47398
46 -0.43849 0.60353 -0.47398
47 -0.70949 0.23053 -0.47398
48 -0.70949 -0.23053 -0.47398
49 -0.43849 -0.60353 -0.47398
50 -0.16271 -0.50078 -0.64754
51 0.42599 -0.30950 -0.64754
52 0.42599 0.30950 -0.64754
53 -0.16271 0.50078 -0.64754
54 -0.52655 -0.00000 -0.64754
55 -0.23176 -0.16838 -0.78350
56 0.08852 -0.27245 -0.78350
57 0.28647 -0.00000 -0.78350
58 0.08852 0.27245 -0.78350
59 -0.23176 0.16838 -0.78350
