0 -3.364151890210284712e+00 -2.053539566615061762e+00 0.000000000000000000e+00 0 1000000
1 -2.520160206968609540e+00 -1.293503335587544933e+00 -2.267590043110595310e+00 0 1000000
2 1.995996072620338291e+00 -9.721961363104902887e+00 0.000000000000000000e+00 0 1000000
3 7.511112772492799239e-02 1.225627668119144476e+00 5.149008201112551530e-01 0 1000000
4 2.850416021737480765e+00 3.978477328623339471e+00 3.481643160123476299e+00 0 1000000
5 0.000000000000000000e+00 0.000000000000000000e+00 0.000000000000000000e+00 0 1000000
6 -1.117523499280206750e-01 1.052964862165120197e+00 3.810414535000834491e-01 0 1000000
7 -1.387814398621770362e+00 -1.681217238110467027e-01 -1.232398254714100805e+00 0 1000000
8 3.299025207885436517e-01 1.367678214318781560e+00 -1.742595484759208446e+00 0 1000000
9 -2.557314688255087454e+00 -1.252826346377259981e+00 0.000000000000000000e+00 0 1000000
10 1.553156656732561425e+00 -1.033902157647125719e+01 -3.623484445888830452e-02 0 1000000
11 0.000000000000000000e+00 0.000000000000000000e+00 0.000000000000000000e+00 0 1000000
12 -6.812150285346697531e-01 6.311843587102232700e-01 1.276463966031947950e-01 0 1000000
13 1.251463826794124934e+00 2.412684187051496121e+00 -9.060351961224734352e-02 0 1000000
14 -1.159002758335725636e+00 8.691117487527380558e-02 -2.824893513071344842e-01 0 1000000
15 -2.755021872262398280e-02 1.150576658130092689e+00 -2.335443654092954902e-01 0 1000000
16 2.031805063505630393e+00 3.104661272818796114e+00 6.056018623443422122e-01 0 1000000
17 4.127081234193671344e-01 1.492934577911538607e+00 1.328702885287541768e+00 0 1000000
18 0.000000000000000000e+00 0.000000000000000000e+00 0.000000000000000000e+00 0 1000000
19 -2.708233204890573287e-01 9.088504838276948439e-01 5.459538742015893620e-01 0 1000000
20 -1.906910552204995835e+00 -6.865385254590036235e-01 -1.281186488566540493e+00 0 1000000
21 -2.380302189904185184e+00 -1.039347121484319070e+00 -4.421070149660502047e+00 0 1000000
22 -3.526100625182762460e+00 -2.064947243350695238e+00 -2.588644408706591626e+00 0 1000000
23 -3.033020476392755960e+00 -1.652285982560834698e+00 -2.408122085153857395e+00 0 1000000
24 -6.521781329749003209e-02 1.113751496867996682e+00 -2.155954886864942743e+00 0 1000000
25 -1.389762168066505543e+00 -1.991774155537907876e-01 -4.939827582466157496e-01 0 1000000
26 0.000000000000000000e+00 0.000000000000000000e+00 0.000000000000000000e+00 0 1000000
27 -3.047339468686053543e+00 -2.145101527194457791e+00 -2.124528107525628151e+00 0 1000000
28 -1.573955552621092879e+00 -5.817711870557344955e-01 -9.269645538111799254e-01 0 1000000
29 0.000000000000000000e+00 0.000000000000000000e+00 0.000000000000000000e+00 0 1000000
30 1.101119405138689000e+00 2.260174906285450369e+00 2.014334082238255164e+00 0 1000000
31 -3.140299803732784500e-01 1.013042261932963983e+00 5.681592821626892942e-01 0 1000000
32 -1.709044136782228718e-01 1.127232331997181536e+00 -2.147705513189920978e+00 0 1000000
33 -2.612184108022384876e+00 -1.277789465347639597e+00 -1.728698038366561995e+00 0 1000000
34 -1.571350890746953777e+00 -1.409641279594665342e+01 -3.821162688569406995e+00 0 1000000
35 1.773818688951495526e+00 2.857172186321235152e+00 2.598263390057021116e+00 0 1000000
36 -7.554823600640149239e-01 2.704890567352730146e-01 1.822625948963672027e-01 0 1000000
37 -1.144865759392972304e+00 -2.721966336593097391e-01 -2.897572242628715600e+00 0 1000000
38 -3.931936295832508144e+00 -2.970048048317197598e+00 -3.217706480714467077e+00 0 1000000
39 -4.712604883054496291e-02 1.031942491378369464e+00 5.832410314438423171e-01 0 1000000
40 0.000000000000000000e+00 0.000000000000000000e+00 0.000000000000000000e+00 0 1000000
41 -1.060416326528641040e+00 2.643012320337475018e-01 -2.392834236162564299e-01 0 1000000
42 2.186950201599432653e+00 -9.901421194601917719e+00 3.184778165280143014e+00 0 1000000
43 1.513293461228136794e+00 2.697178888943520203e+00 2.283172623066564988e+00 0 1000000
44 -1.297375182954423334e+00 -1.107296245956796155e-01 -3.986610172425571474e-01 0 1000000
45 -1.298962632289218710e+00 -2.476559212874983040e-01 -3.095085519792846185e+00 0 1000000
46 -1.781754223011656757e+00 -9.112396128175392906e-01 -1.116713928906812647e+00 0 1000000
47 -1.494752843867842795e+00 -3.939315271645328354e-01 -3.780312753705876716e-01 0 1000000
48 2.217221805197662654e+00 3.251795559607784103e+00 5.756310102851379673e-01 0 1000000
49 -8.692066161321043358e-03 1.138036338583962248e+00 8.711155401405050736e-01 0 1000000
50 -2.826511256846417020e+00 -1.543609454240506373e+01 -5.862535077483895130e+00 0 1000000
51 0.000000000000000000e+00 0.000000000000000000e+00 0.000000000000000000e+00 0 1000000
52 -2.144117371614179479e+00 -9.024663848604426164e-01 -1.314652802600298376e+00 0 1000000
53 0.000000000000000000e+00 0.000000000000000000e+00 0.000000000000000000e+00 0 1000000
54 0.000000000000000000e+00 0.000000000000000000e+00 0.000000000000000000e+00 0 1000000
55 -2.603113323430083614e+00 -1.398285198404060514e+00 -1.829277512976433373e+00 0 1000000
56 1.191473255163935097e+00 2.371982029337408537e+00 -1.094134731207032196e+00 0 1000000
57 -2.233094894044385548e+00 -1.045744495803284213e+00 -1.649937089415738800e+00 0 1000000
58 0.000000000000000000e+00 0.000000000000000000e+00 0.000000000000000000e+00 0 1000000
59 -1.472359445652147603e+00 -5.295730440162944586e-01 -9.981367772382447878e-01 0 1000000
