0	-1.6548	0.0030	15868645	49
1	-1.7252	0.0031	14884591	49
2	1.2998	0.0022	28559296	49
3	-0.1878	0.0025	22228636	49
4	2.4285	0.0023	27405760	49
5 0 0 0 0
6	0.3620	0.0025	22218441	49
7	-0.4015	0.0024	23981933	49
8	1.8657	0.0024	23902678	49
9	0.1782	0.0037	10150505	49
10	1.5771	0.0024	25851882	49
11 0 0 0 0
12	-0.6170	0.0025	23605947	49
13	0.3233	0.0021	32470032	49
14	-1.3205	0.0022	29020591	49
15	0.9350	0.0023	28084231	49
16	1.4671	0.0021	32037799	49
17  0 0 0 0
18  0 0 0 0
19	0.1633	0.0024	25376819	49
20	-0.8180	0.0025	21843122	49
21	-0.7036	0.0026	19965573	49
22	-0.7351	0.0026	20918648	49
23	-1.1906	0.0038	9915729	49
24	-1.1138	0.0026	20532893	49
25	-1.5141	0.0023	27666174	49
26 0 0 0 0
27	-0.7707	0.0032	12958555	49
28	0.0217	0.0023	26945322	49
29 0 0 0 0
30	1.2738	0.0021	32841149	49
31	2.0658	0.0024	26342651	49
32	0.7316	0.0023	26426711	49
33	-0.3960	0.0023	23984936	49
34	0.1623	0.0027	19554589	49
35	2.1080	0.0022	29619361	49
36	-0.0999	0.0022	28112729	49
37 0 0 0 0
38	-2.0550	0.0029	17195367	49
39	1.6530	0.0026	22351605	48
40 0 0 0 0
41 0 0 0 0
42	2.2652	0.0021	32217846	49
43	1.6425	0.0021	31205168	49
44	-1.4871	0.0023	27102688	49
45	-0.5416	0.0021	29863260	49
46	-0.0003	0.0021	30623254	49
47	-1.5601	0.0020	33503351	49
48	2.7944	0.0022	30343264	49
49	-0.7747	0.0022	29901828	49
50	-1.4931	0.0022	27623220	49
51 0 0 0 0
52	-2.0300	0.0022	28551359	49
53 0 0 0 0
54	2.3458	0.0024	24693015	49
55	-1.3430	0.0023	26483153	49
56	0.7123	0.0022	28687392	49
57 0 0 0 0 
58 0 0 0 0
59 0 0 0 0 