0  162.16  477.88
1  147.96  436.21
2  153.77  453.43
3  160.55  473.45
4  151.72  447.42
5  157.27  463.73
6  149.94  442.34
7  146.06  430.88
8  156.44  461.23
9  162.97  480.57
10  145.29  428.36
11  155.59  458.56
12  154.15  454.54
13  162.95  480.51
14  152.77  450.56
15  158.24  466.63
16  143.96  424.57
17  156.51  461.33
18  148.27  436.97
19  157.29  463.79
20  156.24  460.55
21  156.39  460.99
22  156.00  459.76
23  149.70  441.64
24  151.18  445.63
25  154.29  454.94
26  161.61  476.36
27  148.72  438.27
28  162.12  477.84
29  156.31  461.21
30  155.79  459.73
31  150.87  444.83
32  156.06  460.00
33  145.08  427.75
34  152.09  448.28
35  156.36  461.35
36  161.96  476.97
37  151.57  446.89
38  154.53  455.63
39  156.19  460.85
40  153.49  452.33
41  157.38  464.05
42  166.59  491.10
43  157.87  465.44
44  151.99  448.28
45  157.48  464.26
46  143.90  424.40
47  153.39  452.04
48  157.94  465.64
49  152.24  448.72
50  161.40  475.72
51  149.11  439.47
52  158.83  468.26
53  167.08  492.73
54  152.48  449.41
55  156.99  462.88
56  144.49  425.97
57  152.37  449.09
58  152.17  448.51
59  153.04  450.92
