0  477.88  477.88
1  436.21  436.21
2  453.43  453.43
3  473.45  473.45
4  447.42  447.42
5  463.73  463.73
6  442.34  442.34
7  430.88  430.88
8  461.23  461.23
9  480.57  480.57
10  428.36  428.36
11  458.56  458.56
12  454.54  454.54
13  480.51  480.51
14  450.56  450.56
15  466.63  466.63
16  424.57  424.57
17  461.33  461.33
18  436.97  436.97
19  463.79  463.79
20  460.55  460.55
21  460.99  460.99
22  459.76  459.76
23  441.64  441.64
24  445.63  445.63
25  454.94  454.94
26  476.36  476.36
27  438.27  438.27
28  477.84  477.84
29  461.21  461.21
30  459.73  459.73
31  444.83  444.83
32  460.00  460.00
33  427.75  427.75
34  448.28  448.28
35  461.35  461.35
36  476.97  476.97
37  446.89  446.89
38  455.63  455.63
39  460.85  460.85
40  452.33  452.33
41  464.05  464.05
42  491.10  491.10
43  465.44  465.44
44  448.28  448.28
45  464.26  464.26
46  424.40  424.40
47  452.04  452.04
48  465.64  465.64
49  448.72  448.72
50  475.72  475.72
51  439.47  439.47
52  468.26  468.26
53  492.73  492.73
54  449.41  449.41
55  462.88  462.88
56  425.97  425.97
57  449.09  449.09
58  448.51  448.51
59  450.92  450.92
