0 150 150
1 150 150
2 150 150
3 150 150
4 150 150
5 150 150
6 150 150
7 150 150
8 150 150
9 150 150
10 150 150
11 150 150
12 150 150
13 150 150
14 150 150
15 150 150
16 150 150
17 150 150
18 150 150
19 150 150
20 150 150
21 150 150
22 150 150
23 150 150
24 150 150
25 150 150
26 150 150
27 150 150
28 150 150
29 150 150
30 150 150
31 150 150
32 150 150
33 150 150
34 150 150
35 150 150
36 150 150
37 150 150
38 150 150
39 150 150
40 150 150
41 150 150
42 150 150
43 150 150
44 150 150
45 150 150
46 150 150
47 150 150
48 150 150
49 150 150
50 150 150
51 150 150
52 150 150
53 150 150
54 150 150
55 150 150
56 150 150
57 150 150
58 150 150
59 150 150