49736 0 0 0 0 0 0 0 0
47287 0 0 -16 0 0 0 0 0
47278 0 0 -16 0 0 0 0 0
47280 0 0 0 0 0 0 0 0
47293 0 0 -16 0 0 0 0 0
47289 0 0 0 0 0 0 0 0
47291 0 0 0 0 0 0 0 0
47295 0 0 0 0 0 0 0 0
47299 0 0 0 0 0 0 0 0
47301 0 0 0 0 0 0 0 0
47297 0 0 0 0 0 0 0 0
47303 0 0 0 0 0 0 0 0
47307 0 0 -16 0 0 0 0 0
47309 0 0 0 0 0 0 0 0
47305 0 0 0 0 0 0 0 0
47311 0 0 -16 0 0 0 0 0
47315 0 0 0 0 0 0 0 0
47313 0 0 0 0 0 0 0 0
47317 0 0 0 0 0 0 0 0
47321 0 0 -16 0 0 0 0 0
47319 0 0 0 0 0 0 0 0
47325 0 0 0 0 0 0 0 0
47323 0 0 0 0 0 0 0 0
47327 0 0 0 0 0 0 0 0
47329 0 0 0 0 0 0 0 0
47333 0 0 0 0 0 0 0 0
47335 0 0 0 0 0 0 0 0
47331 0 0 0 0 0 0 0 0
47337 0 0 -16 0 0 0 0 0
47341 0 0 0 0 0 0 0 0
47339 0 0 0 0 0 0 0 0
47343 0 0 0 0 0 0 0 0
47349 0 0 0 0 0 0 0 0
47347 0 0 0 0 0 0 0 0
47345 0 0 0 0 0 0 0 0
47353 0 0 0 0 0 0 0 0
47351 0 0 0 0 0 0 0 0
47357 0 0 0 0 0 0 0 0
47355 0 0 0 0 0 0 0 0
47363 0 0 0 0 0 0 0 0
47359 0 0 0 0 0 0 0 0
47365 0 0 -16 0 0 0 0 0
47361 0 0 0 0 0 0 0 0
47369 0 0 0 0 0 0 0 0
47371 0 0 -16 0 0 0 0 0
47367 0 0 0 0 0 0 0 0
47375 0 0 0 0 0 0 0 0
47379 0 0 0 0 0 0 0 0
47381 0 0 0 0 0 0 0 0
47383 0 0 0 0 0 0 0 0
47385 0 0 0 0 0 0 0 0
47389 0 0 -16 0 0 0 0 0
47387 0 0 -16 0 0 0 0 0
47397 0 0 0 0 0 0 0 0
47391 0 0 0 0 0 0 0 0
47395 0 0 -16 0 0 0 0 0
47393 0 0 0 0 0 0 0 0
47399 0 0 0 0 0 0 0 0
47401 0 0 0 0 0 0 0 0
47403 0 0 0 0 0 0 0 0
47407 0 0 0 0 0 0 0 0
47413 0 0 0 0 0 0 0 0
47411 0 0 0 0 0 0 0 0
47415 0 0 0 0 0 0 0 0
47417 0 0 -16 0 0 0 0 0
47421 0 0 0 0 0 0 0 0
47419 0 0 0 0 0 0 0 0
47425 0 0 -16 0 0 0 0 0
47423 0 0 0 0 0 0 0 0
47429 0 0 0 0 0 0 0 0
47433 0 0 0 0 0 0 0 0
47431 0 0 0 0 0 0 0 0
47455 0 0 -16 0 0 0 0 0
47457 0 0 0 0 0 0 0 0
47459 0 0 0 0 0 0 0 0
47465 0 0 0 0 0 0 0 0
47463 0 0 0 0 0 0 0 0
47483 0 0 0 0 0 0 0 0
47481 0 0 -16 0 0 0 0 0
47493 0 0 0 0 0 0 0 0
47751 0 0 0 0 0 0 0 0
47759 0 0 0 0 0 0 0 0
47747 0 0 0 0 0 0 0 0
47753 0 0 -16 0 0 0 0 0
47765 0 0 0 0 0 0 0 0
47807 0 0 0 0 0 0 0 0
47763 0 0 0 0 0 0 0 0
47761 0 0 0 0 0 0 0 0
48133 0 0 -16 0 0 0 0 0
48137 0 0 0 0 0 0 0 0
48151 0 0 0 0 0 0 0 0
48139 0 0 0 0 0 0 0 0
48135 0 0 0 0 0 0 0 0
48163 0 0 0 0 0 0 0 0
48165 0 0 0 0 0 0 0 0
48156 0 0 0 0 0 0 0 0
48189 0 0 0 0 0 0 0 0
48167 0 0 0 0 0 0 0 0
48215 0 0 0 0 0 0 0 0
48131 0 0 0 0 0 0 0 0
48213 0 0 0 0 0 0 0 0
48229 0 0 0 0 0 0 0 0
48231 0 0 0 0 0 0 0 0
48240 0 0 0 0 0 0 0 0
48244 0 0 0 0 0 0 0 0
48158 0 0 0 0 0 0 0 0
48242 0 0 0 0 0 0 0 0
48246 0 -16 -16 0 0 0 0 0
48250 0 0 0 0 0 0 0 0
48252 0 0 -16 0 0 0 0 0
48248 0 0 0 0 0 0 0 0
48254 0 0 0 0 0 0 0 0
48258 0 0 0 0 0 0 0 0
48256 0 0 0 0 0 0 0 0
48260 0 0 -16 0 0 0 0 0
48266 0 0 0 0 0 0 0 0
48268 0 0 0 0 0 0 0 0
48262 0 0 0 0 0 0 0 0
48264 0 0 0 0 0 0 0 0
48274 0 0 -16 0 0 0 0 0
48276 0 0 -16 0 0 0 0 0
48272 0 0 0 0 0 0 0 0
48270 0 0 0 0 0 0 0 0
48282 0 0 -16 0 0 0 0 0
48284 0 0 0 0 0 0 0 0
48280 0 0 0 0 0 0 0 0
48278 0 0 0 0 0 0 0 0
48286 0 0 0 0 0 0 0 0
48290 0 0 0 0 0 0 0 0
48288 0 0 0 0 0 0 0 0
48294 0 0 0 0 0 0 0 0
48292 0 0 0 0 0 0 0 0
48296 0 0 0 0 0 0 0 0
48300 0 0 0 0 0 0 0 0
48302 0 0 0 0 0 0 0 0
48298 0 0 -16 0 0 0 0 0
48306 0 0 0 0 0 0 0 0
48308 0 0 0 0 0 0 0 0
48304 0 0 0 0 0 0 0 0
48310 0 0 -16 0 0 0 0 0
48312 0 0 -16 0 0 0 0 0
48316 0 0 -16 0 0 0 0 0
48318 0 0 0 0 0 0 0 0
48314 0 0 0 0 0 0 0 0
48322 0 0 -16 0 0 0 0 0
48324 0 0 -16 0 0 0 0 0
48320 0 0 0 0 0 0 0 0
48326 0 0 0 0 0 0 0 0
48328 0 0 0 0 0 0 0 0
48330 0 0 0 0 0 0 0 0
48332 0 0 0 0 0 0 0 0
48334 0 0 0 0 0 0 0 0
48338 0 0 0 0 0 0 0 0
48336 0 0 0 0 0 0 0 0
48340 0 0 0 0 0 0 0 0
48346 0 0 0 0 0 0 0 0
48344 0 0 0 0 0 0 0 0
48342 0 0 0 0 0 0 0 0
48348 0 0 0 0 0 0 0 0
48350 0 0 0 0 0 0 0 0
48356 0 0 0 0 0 0 0 0
48352 0 0 0 0 0 0 0 0
48358 0 0 0 0 0 0 0 0
48354 0 0 -16 0 0 0 0 0
48362 0 0 0 0 0 0 0 0
48366 0 0 0 0 0 0 0 0
48360 0 0 -16 0 0 0 0 0
48368 0 0 0 0 0 0 0 0
48364 0 0 0 0 0 0 0 0
48372 0 0 0 0 0 0 0 0
48370 0 0 0 0 0 0 0 0
48376 0 0 0 0 0 0 0 0
48378 0 0 0 0 0 0 0 0
48374 0 0 0 0 0 0 0 0
48382 0 0 0 0 0 0 0 0
48386 0 0 0 0 0 0 0 0
48388 0 0 0 16 0 0 16 0
48380 0 0 0 0 0 0 0 0
48384 0 0 0 0 0 0 0 0
48390 0 0 0 0 0 0 0 0
48392 0 0 -16 0 0 0 0 0
48398 0 0 0 0 0 0 0 0
48394 0 0 0 0 0 0 0 0
48400 0 0 0 0 0 0 0 0
48396 0 0 0 0 0 0 0 0
48402 0 0 0 0 0 0 0 0
48404 0 0 0 0 0 0 0 0
48406 0 0 -16 0 0 0 0 0
48410 0 0 -16 0 0 0 0 0
48412 0 0 0 0 0 0 0 0
48414 0 0 -16 0 0 0 0 0
48408 0 0 0 0 0 0 0 0
48416 0 0 0 0 0 0 0 0
48420 0 0 0 0 0 0 0 0
48422 0 0 0 0 0 0 0 0
48418 0 0 -16 0 0 0 0 0
48424 0 0 0 0 0 0 0 0
48426 0 0 0 0 0 0 0 0
48432 0 0 -16 0 0 0 0 0
48430 0 -16 -16 0 0 -16 0 -16
48434 0 0 -16 0 0 0 0 0
48428 0 0 -16 0 0 0 0 0
48438 0 0 0 0 0 0 0 0
48440 0 0 0 0 0 0 0 0
48436 0 0 0 0 0 0 0 0
48442 0 0 0 0 0 0 0 0
48444 0 0 0 0 0 0 0 0
48446 0 0 0 0 0 0 0 0
48450 0 -16 -16 0 0 0 0 0
48448 0 0 -16 0 0 0 0 0
48454 0 0 0 0 0 0 0 0
48452 0 0 0 0 0 0 0 0
48458 0 0 0 0 0 0 0 0
48460 0 0 0 0 0 0 0 0
48456 0 0 0 0 0 0 0 0
48462 0 0 0 0 0 0 0 0
48464 0 0 0 0 0 0 0 0
48466 0 0 0 0 0 0 0 0
48470 0 0 0 0 0 0 0 0
48468 0 0 0 0 0 0 0 0
48474 0 0 0 0 0 0 0 0
48476 0 0 0 0 0 0 0 0
48472 0 0 0 0 0 0 0 0
48478 0 0 -16 0 0 0 0 0
48482 0 0 -16 0 0 0 0 0
48484 0 0 0 0 0 0 0 0
48480 0 0 -16 0 0 0 0 0
48486 0 0 0 0 0 0 0 0
48488 0 0 0 0 0 0 0 0
48490 0 0 0 0 0 0 0 0
48492 0 0 -16 0 0 0 0 0
48504 0 0 0 0 0 0 0 0
48506 0 0 0 0 0 0 0 0
48494 0 0 -16 0 0 0 0 0
48786 0 0 0 0 0 0 0 0
48784 0 0 0 0 0 0 0 0
48788 0 -16 -16 0 0 0 0 0
48782 0 0 0 0 0 0 0 0
48792 0 0 -16 0 0 0 0 0
48790 0 0 0 0 0 0 0 0
48794 0 0 0 0 0 0 0 0
48796 0 0 -16 0 0 0 0 0
48798 0 0 0 0 0 0 0 0
48800 0 0 0 0 0 0 0 0
48802 0 0 0 0 0 0 0 0
48804 0 0 0 0 0 0 0 0
48806 0 0 0 0 0 0 0 0
48808 0 0 0 0 0 0 0 0
48810 0 0 0 0 0 0 0 0
48812 0 0 0 0 0 0 0 0
48818 0 0 0 0 0 0 0 0
48814 0 0 0 0 0 0 0 0
48816 0 0 -16 0 0 0 0 0
48820 0 0 -16 0 0 0 0 0
48822 0 0 0 0 0 0 0 0
48824 0 0 0 0 0 0 0 0
48826 0 0 -16 0 0 0 0 0
48828 0 0 -16 0 0 0 0 0
48832 0 0 0 0 0 0 0 0
48834 0 0 0 0 0 0 0 0
48830 0 0 -16 0 0 0 0 0
48836 0 0 -16 0 0 0 0 0
48838 0 0 0 0 0 0 0 0
48840 0 0 0 0 0 0 0 0
48844 0 0 0 0 0 0 0 0
48846 0 0 0 0 0 0 0 0
48848 0 0 0 16 0 0 16 0
48842 0 0 0 0 0 0 0 0
48850 0 0 0 0 0 0 0 0
48852 0 0 0 0 0 0 0 0
48854 0 0 0 0 0 0 0 0
48858 0 0 0 0 0 0 0 0
48856 0 0 0 0 0 0 0 0
48864 0 0 0 0 0 0 0 0
48860 0 0 -16 0 0 0 0 0
48862 0 0 0 0 0 0 0 0
48868 0 0 0 0 0 0 0 0
48866 0 -16 -16 0 0 0 0 0
48870 0 0 0 0 0 0 0 0
48874 0 0 0 0 0 0 0 0
48872 0 0 0 0 0 0 0 0
48882 0 0 0 0 0 0 0 0
48876 0 0 0 0 0 0 0 0
48878 0 0 -16 0 0 0 0 0
48880 0 0 0 0 0 0 0 0
48888 0 -16 -16 0 -16 -16 0 -16
48884 0 0 0 0 0 0 0 0
48886 0 0 -16 0 0 0 0 0
48890 0 0 0 0 0 0 0 0
48892 0 0 0 0 0 0 0 0
48900 0 0 0 0 0 0 0 0
48896 0 0 0 0 0 0 0 0
48894 0 0 0 0 0 0 0 0
48898 0 0 0 0 0 0 0 0
48902 0 0 0 0 0 0 0 0
48904 0 0 -16 0 0 0 0 0
48908 0 0 -16 0 0 0 0 0
48910 0 0 0 0 0 0 0 0
48906 0 0 0 0 0 0 0 0
48914 0 0 0 0 0 0 0 0
48918 0 0 -16 0 0 0 0 0
48912 0 0 0 0 0 0 0 0
48920 0 0 0 0 0 0 0 0
48916 0 0 0 0 0 0 0 0
48922 0 0 0 0 0 0 0 0
48924 0 -16 -16 0 0 -16 0 -16
48926 0 0 0 0 0 0 0 0
48930 0 0 0 0 0 0 0 0
48932 0 0 0 0 0 0 0 0
48936 0 0 0 0 0 0 0 0
48928 0 0 0 0 0 0 0 0
48934 0 0 0 0 0 0 0 0
48938 0 0 0 0 0 0 0 0
48942 0 -16 -16 0 -16 -16 0 -16
48940 0 -16 -16 0 0 0 0 0
48946 0 0 0 0 0 0 0 0
48948 0 0 -16 0 0 0 0 0
48944 0 0 -16 0 0 0 0 0
48952 0 0 -16 0 0 0 0 0
48954 0 0 0 0 0 0 0 0
48950 0 0 0 0 0 0 0 0
48956 0 0 0 0 0 0 0 0
48958 0 0 0 0 0 0 0 0
48960 0 0 0 0 0 0 0 0
48964 0 0 0 0 0 0 0 0
48962 0 0 0 0 0 0 0 0
48970 0 0 0 0 0 0 0 0
48972 0 0 0 0 0 0 0 0
48966 0 0 -16 0 0 0 0 0
48968 0 0 0 0 0 0 0 0
48976 0 0 0 0 0 0 0 0
48978 0 0 0 0 0 0 0 0
48974 0 0 0 0 0 0 0 0
48982 0 0 0 0 0 0 0 0
48984 0 0 -16 0 0 0 0 0
48980 0 0 0 0 0 0 0 0
48988 0 0 0 0 0 0 0 0
48990 0 0 0 0 0 0 0 0
48994 0 0 0 0 0 0 0 0
48992 0 0 0 0 0 0 0 0
48996 0 0 0 0 0 0 0 0
48998 0 0 0 0 0 0 0 0
49000 0 0 0 0 0 0 0 0
49004 0 0 0 0 0 0 0 0
49006 0 0 0 0 0 0 0 0
49002 0 0 0 0 0 0 0 0
49010 0 0 0 0 0 0 0 0
49008 0 0 0 0 0 0 0 0
49014 0 0 0 0 0 0 0 0
49012 0 0 0 0 0 0 0 0
49016 0 0 -16 0 0 0 0 0
49018 0 0 -16 0 0 0 0 0
49020 0 0 0 0 0 0 0 0
49022 0 0 -16 0 0 0 0 0
49026 0 0 0 0 0 0 0 0
49028 0 0 0 0 0 0 0 0
49030 0 0 -16 0 0 0 0 0
49024 0 0 0 0 0 0 0 0
49034 0 0 0 0 0 0 0 0
49032 0 0 0 0 0 0 0 0
49038 0 0 -16 0 0 0 0 0
49036 0 0 0 0 0 0 0 0
49040 0 0 0 0 0 0 0 0
49042 0 0 0 0 0 0 0 0
49048 0 0 0 0 0 0 0 0
49044 0 0 0 0 0 0 0 0
49050 0 0 0 0 0 0 0 0
49046 0 0 0 0 0 0 0 0
49054 0 0 0 0 0 0 0 0
49056 0 0 -16 0 0 0 0 0
49052 0 0 0 0 0 0 0 0
49058 0 0 -16 0 0 0 0 0
49062 0 0 0 0 0 0 0 0
49064 0 0 0 0 0 0 0 0
49060 0 0 0 0 0 0 0 0
49066 0 0 0 0 0 0 0 0
49070 0 0 0 0 0 0 0 0
49068 0 0 0 0 0 0 0 0
49072 0 0 0 0 0 0 0 0
49074 0 0 0 0 0 0 0 0
49076 0 0 0 0 0 0 0 0
49079 0 0 0 0 0 0 0 0
49081 0 0 -16 0 0 0 0 0
49089 0 0 -16 0 0 0 0 0
49083 0 0 0 0 0 0 0 0
49085 0 0 -16 0 0 0 0 0
49087 0 0 0 0 0 0 0 0
49091 0 0 0 0 0 0 0 0
49093 0 0 0 0 0 0 0 0
49095 0 0 -16 0 0 0 0 0
49103 0 0 0 0 0 0 0 0
49097 0 0 0 0 0 0 0 0
49101 0 0 0 0 0 0 0 0
49099 0 0 0 0 0 0 0 0
49105 0 0 -16 0 0 0 0 0
49107 0 0 -16 0 0 0 0 0
49109 0 0 0 0 0 0 0 0
49111 0 0 -16 0 0 0 0 0
49113 0 0 0 0 0 0 0 0
49115 0 0 0 0 0 0 0 0
49117 0 0 0 0 0 0 0 0
49119 0 0 0 0 0 0 0 0
49123 0 0 -16 0 0 0 0 0
49125 0 0 0 0 0 0 0 0
49127 0 -16 -16 0 -16 0 0 -16
49121 0 0 0 0 0 0 0 0
49129 0 0 0 0 0 0 0 0
49131 0 0 0 0 0 0 0 0
49135 0 0 0 0 0 0 0 0
49137 0 0 0 0 0 0 0 0
49139 0 0 -16 0 0 0 0 0
49133 0 0 -16 0 0 0 0 0
49141 0 0 0 0 0 0 0 0
49143 0 0 -16 0 0 0 0 0
49145 0 -16 -16 0 -16 -16 0 -16
49147 0 0 0 0 0 0 0 0
49151 0 0 0 16 0 0 0 0
49153 0 0 0 0 0 0 0 0
49149 0 0 0 0 0 0 0 0
49155 0 0 0 0 0 0 0 0
49157 0 0 0 0 0 0 0 0
49159 0 0 -16 0 0 0 0 0
49163 0 0 0 0 0 0 0 0
49165 0 0 0 0 0 0 0 0
49161 0 0 0 0 0 0 0 0
49167 0 0 0 0 0 0 0 0
49169 0 0 0 0 0 0 0 0
49171 0 0 0 0 0 0 0 0
49173 0 0 0 0 0 0 0 0
49175 0 0 0 0 0 0 0 0
49177 0 0 0 0 0 0 0 0
49181 0 0 -16 0 0 0 0 0
49183 0 0 0 0 0 0 0 0
49179 0 0 0 0 0 0 0 0
49185 0 0 -16 0 0 0 0 0
49191 0 0 0 0 0 0 0 0
49187 0 0 0 0 0 0 0 0
49189 0 0 -16 0 0 0 0 0
49195 0 0 0 0 0 0 0 0
49197 0 0 0 0 0 0 0 0
49193 0 0 0 0 0 0 0 0
49199 0 0 -16 0 0 0 0 0
49201 0 0 0 0 0 0 0 0
49203 0 0 0 0 0 0 0 0
49205 0 0 0 0 0 0 0 0
49207 0 0 0 0 0 0 0 0
49227 0 0 0 0 0 0 0 0
49229 0 0 0 0 0 0 0 0
49209 0 0 0 0 0 0 0 0
49225 0 0 0 0 0 0 0 0
49231 0 0 0 0 0 0 0 0
49235 0 0 -16 0 0 0 0 0
49239 0 0 0 0 0 0 0 0
49237 0 0 0 0 0 0 0 0
49243 0 0 0 0 0 0 0 0
49245 0 0 -16 0 0 0 0 0
49233 0 0 0 0 0 0 0 0
49253 0 0 0 0 0 0 0 0
49241 0 0 -16 0 0 0 0 0
49631 0 0 0 16 0 0 0 0
49627 0 0 0 0 0 0 0 0
49633 0 0 0 0 0 0 0 0
49635 0 0 0 0 0 0 0 0
49639 0 0 0 0 0 0 0 0
49637 0 0 0 0 0 0 0 0
49629 0 0 0 0 0 0 0 0
49641 0 0 0 0 0 0 0 0
49645 0 0 0 0 0 0 0 0
49643 0 0 0 0 0 0 0 0
49647 0 0 0 0 0 0 0 0
49649 0 0 0 0 0 0 0 0
49653 0 0 0 0 0 0 0 0
49655 0 -16 -16 0 0 0 0 0
49657 0 0 0 16 0 0 0 0
49659 0 0 0 0 0 0 0 0
49651 0 -16 -16 0 -16 -16 0 -16
49661 0 0 0 0 0 0 0 0
49663 0 0 0 0 0 0 0 0
49669 0 0 -16 0 0 0 0 0
49665 0 0 0 0 0 0 0 0
49671 0 0 0 0 0 0 0 0
49667 0 0 0 0 0 0 0 0
49673 0 0 0 0 0 0 0 0
49675 0 0 0 0 0 0 0 0
49679 0 0 -16 0 0 0 0 0
49681 0 0 0 0 0 0 0 0
49677 0 0 0 0 0 0 0 0
49683 0 0 0 0 0 0 0 0
49687 0 0 0 0 0 0 0 0
49685 0 0 0 0 0 0 0 0
49691 0 0 0 0 0 0 0 0
49689 0 0 0 0 0 0 0 0
49704 0 0 0 0 0 0 0 0
49702 0 0 0 0 0 0 0 0
49700 0 0 0 0 0 0 0 0
49710 0 0 0 0 0 0 0 0
49712 0 0 0 0 0 0 0 0
49708 0 0 -16 0 0 0 0 0
49723 0 0 0 0 0 0 0 0
49714 0 0 0 0 0 0 0 0
49719 0 0 -16 0 0 0 0 0
49730 0 0 0 0 0 0 0 0
49738 0 0 0 0 0 0 0 0
49734 0 0 0 0 0 0 0 0
49732 0 0 0 0 0 0 0 0
49766 0 0 0 0 0 0 0 0
49764 0 0 0 0 0 0 0 0
49765 0 0 0 0 0 0 0 0
49763 0 0 0 0 0 0 0 0
49769 0 0 0 0 0 0 0 0
49771 0 0 0 0 0 0 0 0
49773 0 0 0 0 0 0 0 0
49775 0 0 0 16 0 0 16 0
49781 0 0 0 0 0 0 0 0
49794 0 0 -16 0 0 0 0 0
49792 0 0 0 0 0 0 0 0
49796 0 0 0 0 0 0 0 0
49777 0 0 0 0 0 0 0 0
49798 0 0 0 0 0 0 0 0
49779 0 0 0 0 0 0 0 0
