43636 0
43636 1
43636 2
43636 3
43636 4
43636 5
43636 6
43636 7
43636 8
43636 9
43636 10
43636 11
43636 12
43636 13
43636 14
43636 15
43636 16
43636 17
43636 18
43636 19
43636 20
43636 21
43636 22
43636 23
43636 24
43636 25
43636 26
43636 27
43636 28
43636 29
43636 30
43636 31
43636 32
43636 33
43636 34
43636 35
43636 36
43636 37
43636 38
43636 39
43636 40
43636 41
43636 42
43636 43
43636 44
43636 45
43636 46
43636 47
43636 48
43636 49
43636 50
43636 51
43636 52
43636 53
43636 54
43636 55
43638 0
43638 1
43638 2
43638 3
43638 4
43638 5
43638 6
43638 7
43642 0
43642 1
43642 2
43642 3
43642 4
43642 5
43642 6
43642 7
43642 8
43642 9
43642 10
43642 11
43642 12
43642 13
43642 14
43642 15
43642 16
43642 17
43642 18
43642 19
43642 20
43642 21
43642 22
43642 23
43642 24
43642 25
43642 26
43642 27
43642 28
43642 29
43644 0
43644 1
43644 2
43644 3
43644 4
43644 5
43644 6
43644 7
43644 8
43644 9
43644 10
43644 11
43644 12
43646 0
43646 1
43646 2
43646 3
43646 4
43646 5
43646 6
43646 7
43646 8
43646 9
43646 10
43646 11
43646 12
43646 13
43646 14
43646 15
43646 16
43646 17
43646 18
43646 19
43646 20
43646 21
43646 22
43646 23
43646 24
43646 25
43646 26
43646 27
43646 28
43646 29
43646 30
43646 31
43646 32
43646 33
43646 34
43646 35
43646 36
43646 37
43646 38
43646 39
43646 40
43646 41
43646 42
43646 43
43646 44
43646 45
43646 46
43646 47
43646 48
43646 49
43646 50
43646 51
43646 52
43646 53
43646 54
43646 55
43646 56
43646 57
43646 58
43646 59
43646 60
43646 61
43646 63
43646 64
43646 65
43646 66
43646 67
43648 0
43648 1
43648 2
43648 3
43648 4
43648 5
43648 6
43650 0
43650 1
43650 2
43650 3
43650 4
43650 5
43650 6
43650 7
43650 8
43650 9
43650 10
43650 11
43650 12
43650 13
43650 14
43650 15
43650 16
43650 17
43650 18
43650 19
43650 20
43650 21
43650 23
43650 24
43650 25
43650 26
43650 27
43650 28
43650 29
43650 30
43650 31
43652 0
43652 1
43652 2
43652 3
43652 4
43652 5
43652 6
43652 7
43652 8
43652 9
43652 10
43652 11
43652 12
43652 13
43652 14
43652 15
43652 16
43652 17
43652 18
43652 19
43652 20
43652 21
43652 22
43652 23
43652 24
43652 25
43652 26
43652 27
43652 28
43652 29
43652 30
43652 31
43654 0
43654 1
43654 2
43654 3
43654 4
43654 5
43654 6
43654 7
43654 8
43654 9
43654 10
43654 11
43654 12
43654 13
43654 14
43654 15
43654 16
43654 17
43654 18
43654 19
43654 20
43654 21
43654 22
43654 23
43654 24
43654 25
43654 26
43654 27
43654 28
43654 29
43656 0
43656 1
43656 2
43656 3
43656 4
43656 5
43656 6
43656 7
43656 8
43656 9
43656 10
43656 11
43656 12
43656 13
43656 14
43656 15
43656 16
43656 17
43656 18
43656 19
43656 20
43656 21
43656 22
43656 23
43656 24
43656 25
43656 26
43656 27
43656 28
43656 29
43656 30
43656 31
43656 32
43656 33
43656 34
43656 35
43656 36
43656 37
43656 38
43656 39
43656 40
43656 41
43656 42
43656 43
43656 44
43656 45
43656 46
43656 47
43656 48
43656 49
43656 50
43656 51
43656 52
43656 53
43656 54
43656 55
43658 0
43658 1
43658 2
43658 3
43658 4
43658 5
43658 6
43658 7
43660 0
43662 0
43662 1
43662 2
43662 3
43662 4
43662 5
43662 6
43662 7
43662 8
43662 9
43662 10
43662 11
43662 12
43662 13
43662 14
43662 15
43662 17
43662 18
43662 19
43662 20
43664 0
43664 1
43664 2
43664 3
43664 4
43664 5
43664 6
43664 7
43664 8
43664 9
43664 10
43664 11
43664 12
43664 13
43664 14
43664 15
43664 16
43664 17
43664 18
43664 19
43664 20
43664 21
43664 22
43664 23
43664 24
43664 25
43664 26
43664 27
43664 28
43664 29
43664 30
43664 31
43664 32
43664 33
43664 34
43664 35
43664 36
43664 37
43664 38
43664 39
43664 40
43664 41
43664 42
43664 43
43664 44
43664 45
43664 46
43664 47
43664 48
43664 49
43664 50
43664 51
43664 52
43664 53
43664 54
43664 55
43664 56
43664 57
43664 58
43664 59
43664 60
43664 61
43664 62
43664 63
43664 64
43664 65
43664 66
43666 0
43666 1
43666 2
43666 3
43666 4
43666 5
43666 6
43666 7
43666 8
43666 9
43666 10
43666 11
43666 12
43666 13
43666 14
43666 15
43666 16
43666 17
43666 18
43666 19
43666 20
43666 21
43666 22
43666 23
43666 24
43666 25
43666 26
43666 27
43666 28
43666 29
43666 30
43666 31
43668 0
43668 1
43668 2
43668 3
43668 4
43668 5
43668 6
43668 7
43668 8
43668 9
43668 10
43668 11
43668 12
43668 13
43668 14
43668 15
43668 16
43668 17
43668 18
43668 19
43668 20
43668 21
43668 22
43668 23
43668 24
43668 25
43668 26
43668 27
43668 28
43668 29
43668 30
43668 31
43668 32
43668 33
43668 34
43668 35
43668 36
43668 37
43668 38
43668 39
43668 40
43668 41
43668 42
43668 43
43668 44
43668 45
43668 46
43668 47
43668 48
43668 49
43668 50
43668 51
43668 52
43668 53
43668 54
43668 55
43668 56
43668 57
43668 58
43668 59
43668 60
43668 61
43668 62
43668 63
43668 64
43668 65
43668 66
43668 67
43668 68
43668 69
43668 70
43668 71
43668 72
43668 73
43668 74
43668 75
43668 76
43668 77
43668 78
43668 79
43668 80
43668 81
43668 82
43668 83
43668 84
43668 85
43668 86
43668 87
43668 88
43668 89
43668 90
43668 91
43668 92
43668 93
43668 94
43668 95
43668 96
43668 97
43668 98
43668 99
43668 100
43668 101
43668 102
43668 103
43668 104
43668 105
43668 106
43668 107
43668 108
43668 109
43668 110
43668 111
43668 112
43668 113
43668 114
43668 115
43668 116
43668 117
43668 118
43668 119
43668 120
43668 121
43668 122
43668 123
43668 124
43668 125
43668 126
43668 127
43668 128
43668 129
43668 130
43668 131
43668 132
43668 133
43682 0
43682 1
43682 2
43682 3
43682 4
43682 5
43682 6
43682 7
43682 8
43682 9
43682 10
43682 11
43682 12
43682 13
43682 14
43682 15
43682 16
43682 17
43682 18
43682 19
43682 20
43682 21
43682 22
43682 23
43682 24
43682 25
43682 26
43682 27
43682 28
43682 29
43682 30
43682 31
43682 32
43682 33
43682 34
43682 35
43682 36
43682 37
43682 38
43682 39
43682 40
43682 41
43682 42
43682 43
43682 44
43682 45
43682 46
43682 47
43682 48
43682 49
43682 50
43682 51
43682 52
43682 53
43682 54
43682 55
43682 56
43682 57
43682 58
43682 59
43682 60
43682 61
43682 62
43682 63
43682 64
43682 65
43682 66
43682 67
43682 68
43682 69
43682 70
43682 71
43682 72
43682 73
43682 74
43684 1
43684 2
43684 3
43684 4
43684 5
43684 6
43688 0
43688 1
43688 2
43688 3
43688 4
43688 5
43688 6
43688 7
43688 8
43688 9
43688 10
43688 11
43688 12
43688 13
43688 14
43688 15
43688 16
43688 17
43688 18
43688 19
43688 20
43688 21
43688 22
43688 23
43688 24
43688 25
43688 26
43688 27
43688 28
43688 29
43688 30
43688 31
43688 32
43688 33
43688 34
43688 35
43688 36
43688 37
43688 38
43688 39
43688 40
43688 41
43688 42
43690 0
43692 0
43694 0
43696 0
43698 0
43698 1
43698 2
43698 3
43698 4
43700 0
43700 1
43700 2
43700 3
43700 4
43700 5
43702 0
43704 0
43704 1
43704 2
43706 0
43706 1
43708 0
43708 1
43710 0
43712 0
43712 1
43712 2
43712 3
43712 4
43712 5
43712 6
43712 7
43712 8
43712 9
43714 0
43714 1
43714 2
43714 3
43714 4
43714 5
43714 6
43714 7
43714 8
43714 9
43714 10
43714 11
43714 12
43714 13
43714 14
43714 15
43714 16
43714 17
43714 18
43714 19
43714 20
43714 21
43714 22
43714 23
43714 24
43714 25
43714 26
43714 27
43714 28
43714 29
43714 30
43714 31
43714 32
43714 33
43714 34
43714 35
43714 36
43714 37
43714 38
43714 39
43714 40
43714 41
43714 42
43714 43
43714 44
43714 45
43716 0
43716 1
43716 2
43716 3
43716 4
43716 5
43716 6
43716 7
43716 8
43716 9
43716 10
43716 11
43716 12
43716 13
43716 14
43716 15
43716 16
43716 17
43716 18
43716 19
43716 20
43716 21
43716 22
43716 23
43716 24
43716 25
43716 26
43716 27
43716 28
43716 29
43716 30
43718 0
43718 1
43718 2
43718 3
43718 4
43718 5
43718 6
43718 7
43718 8
43718 9
43718 10
43718 11
43718 12
43718 13
43718 14
43718 15
43718 16
43718 17
43718 18
43718 19
43718 20
43718 21
43718 22
43718 23
43718 24
43718 25
43718 26
43718 27
43718 28
43718 29
43718 30
43718 31
43718 32
43718 33
43718 34
43718 35
43718 36
43718 37
43718 38
43718 39
43718 40
43720 0
43720 1
43720 2
43720 3
43720 4
43720 5
43720 6
43720 7
43720 8
43720 9
43722 0
43722 1
43722 2
43722 3
43722 4
43722 5
43722 6
43722 7
43722 8
43722 9
43722 10
43722 11
43722 12
43722 13
43722 14
43722 15
43722 16
43722 17
43722 18
43722 19
43722 20
43722 21
43722 22
43722 23
43722 24
43722 25
43722 26
43722 27
43724 0
43724 1
43724 2
43724 3
43724 4
43724 5
43724 6
43724 7
43726 0
43726 1
43726 2
43726 3
43726 4
43726 5
43726 6
43726 7
43726 8
43726 9
43726 10
43726 11
43726 12
43726 13
43726 14
43726 15
43726 16
43726 17
43726 18
43726 19
43726 20
43726 21
43726 22
43726 23
43728 0
43728 1
43730 0
43730 1
43730 2
43730 3
43730 4
43730 5
43730 6
43730 7
43730 8
43730 9
43730 10
43730 11
43730 12
43730 13
43730 14
43730 15
43730 16
43730 17
43730 18
43730 19
43732 0
43732 1
43734 0
43734 1
43734 2
43736 0
43736 1
43736 2
43736 3
43736 4
43736 5
43736 6
43736 7
43736 8
43736 9
43736 10
43736 11
43736 12
43736 13
43736 14
43736 15
43736 16
43738 0
43738 1
43738 2
43738 3
43738 4
43738 5
43738 6
43738 7
43738 8
43738 9
43738 10
43738 11
43738 12
43738 13
43738 14
43738 15
43738 16
43738 17
43738 18
43738 19
43738 20
43738 21
43738 22
43738 23
43738 24
43738 25
43738 26
43738 27
43738 28
43738 29
43738 30
43738 31
43738 32
43738 33
43738 34
43738 35
43738 36
43738 37
43738 38
43738 39
43738 40
43738 41
43738 42
43738 43
43738 44
43738 45
43738 46
43738 47
43738 48
43738 49
43740 0
43740 1
43740 2
43740 3
43740 4
43740 5
43740 6
43740 7
43740 8
43740 9
43740 10
43740 11
43740 12
43740 13
43740 14
43740 15
43740 16
43740 17
43740 18
43740 19
43740 20
43740 21
43740 22
43740 23
43740 24
43740 25
43740 26
43740 27
43740 28
43740 29
43740 30
43740 31
43740 32
43740 33
43742 0
43742 1
43742 2
43742 3
43742 4
43742 5
43742 6
43742 7
43742 8
43742 9
43742 10
43742 11
43742 12
43742 13
43742 14
43742 15
43742 16
43742 17
43742 18
43742 19
43742 20
43742 21
43742 22
43742 23
43742 24
43742 25
43742 26
43742 27
43742 28
43742 29
43742 30
43742 31
43742 32
43742 33
43742 34
43742 35
43742 36
43742 37
43742 38
43742 39
43742 40
43742 41
43742 42
43742 43
43742 44
43742 45
43742 46
43742 47
43742 48
43742 49
43742 50
43742 51
43742 52
43742 53
43742 54
43742 55
43742 56
43742 57
43742 58
43742 59
43742 60
43742 61
43742 62
43742 63
43742 64
43742 65
43742 66
43742 67
43742 68
43742 69
43742 70
43742 71
43742 72
43742 73
43742 74
43742 75
43742 76
43742 77
43742 78
43742 79
43742 80
43742 81
43742 82
43742 83
43742 84
43742 85
43742 86
43742 87
43742 88
43742 89
43742 90
43742 91
43742 92
43745 0
43745 1
43745 2
43745 3
43745 4
43745 5
43745 6
43745 7
43745 8
43745 9
43745 10
43745 11
43745 12
43745 13
43745 14
43745 15
43745 16
43745 17
43745 18
43745 19
43745 20
43745 21
43747 0
43747 1
43747 2
43747 3
43747 4
43747 5
43747 6
43747 7
43747 8
43747 9
43747 10
43747 11
43747 12
43747 13
43747 14
43747 15
43747 16
43747 17
43747 18
43747 19
43747 20
43747 21
43747 22
43747 23
43747 24
43747 25
43747 26
43749 0
43749 1
43749 2
43749 3
43749 4
43749 5
43749 6
43749 7
43749 8
43749 9
43749 10
43749 11
43749 12
43749 13
43749 14
43749 15
43749 16
43749 17
43749 18
43749 19
43749 20
43749 21
43749 22
43749 23
43749 24
43749 25
43749 26
43749 27
43749 28
43749 29
43749 30
43749 31
43749 32
43749 33
43749 34
43749 35
43749 36
43749 37
43749 38
43749 39
43749 40
43749 41
43749 42
43749 43
43749 44
43749 45
43749 46
43749 47
43749 48
43749 49
43749 50
43749 51
43749 52
43751 0
43751 1
43751 2
43751 3
43751 4
43751 5
43751 6
43751 7
43751 8
43751 9
43751 10
43751 11
43751 12
43751 13
43751 14
43751 15
43751 16
43751 17
43751 18
43751 19
43751 20
43751 21
43751 22
43751 23
43751 24
43751 25
43751 26
43751 27
43751 28
43751 29
43751 30
43751 31
43751 32
43751 33
43751 34
43751 35
43751 36
43751 37
43751 38
43751 39
43751 40
43751 41
43751 42
43751 43
43751 44
43751 45
43751 46
43751 47
43751 48
43751 49
43751 50
43751 51
43751 52
43751 53
43751 54
43751 55
43751 56
43751 57
43751 58
43751 59
43751 60
43751 61
43751 62
43751 63
43751 64
43751 65
43751 66
43751 67
43751 68
43751 69
43751 70
43751 71
43751 72
43751 73
43751 74
43751 75
43751 76
43751 77
43751 78
43751 79
43751 80
43751 81
43751 82
43751 83
43751 84
43751 85
43751 86
43751 87
43751 88
43751 89
43751 90
43751 91
43751 92
43751 93
43751 94
43751 95
43751 96
43751 97
43751 98
43751 99
43751 100
43751 101
43751 102
43751 103
43751 104
43751 105
43753 0
43753 1
43753 2
43753 3
43753 4
43753 5
43753 6
43753 7
43753 8
43753 9
43753 10
43753 11
43753 12
43753 13
43753 14
43753 15
43753 16
43755 0
43755 1
43755 2
43755 3
43755 4
43755 5
43755 6
43755 7
43755 8
43755 9
43755 10
43755 11
43755 12
43755 13
43755 14
43755 15
43755 16
43755 17
43755 18
43755 19
43755 20
43757 0
43757 1
43757 2
43757 3
43757 4
43757 5
43757 6
43757 7
43757 8
43757 9
43757 10
43757 11
43757 12
43757 13
43757 14
43757 15
43757 16
43757 17
43757 18
43757 19
43757 20
43757 21
43757 22
43757 23
43757 24
43757 25
43757 26
43757 27
43757 28
43757 29
43757 30
43757 31
43757 32
43757 33
43757 34
43757 35
43757 36
43757 37
43757 38
43757 39
43757 40
43757 41
43757 42
43757 43
43757 44
43757 45
43757 46
43757 47
43757 48
43757 49
43757 50
43757 51
43757 52
43757 53
43757 54
43757 55
43757 56
43757 57
43757 58
43757 59
43757 60
43757 61
43757 62
43757 63
43757 64
43757 65
43757 66
43757 67
43757 68
43757 69
43757 70
43757 71
43757 72
43757 73
43757 74
43757 75
43757 76
43757 77
43757 78
43757 79
43757 80
43757 81
43757 82
43757 83
43757 84
43757 85
43757 86
43757 87
43757 88
43757 89
43757 90
43757 91
43757 92
43757 93
43757 94
43757 95
43757 96
43757 97
43757 98
43757 99
43757 100
43757 101
43757 102
43757 103
43757 104
43757 105
43757 106
43757 107
43759 0
43759 1
43761 0
43761 1
43761 2
43761 3
43761 4
43761 5
43761 6
43761 7
43761 8
43761 9
43761 10
43761 11
43761 12
43761 13
43761 14
43761 15
43761 16
43761 17
43763 0
43763 1
43763 2
43763 3
43763 4
43763 5
43763 6
43763 7
43763 8
43763 9
43763 10
43763 11
43763 12
43763 13
43763 14
43763 15
43763 16
43763 17
43763 18
43763 19
43763 20
43769 0
43769 1
43769 2
43769 3
43769 4
43769 5
43769 6
43769 7
43769 8
43769 9
43769 10
43769 11
43769 12
43769 13
43769 14
43769 15
43769 16
43769 17
43769 18
43769 19
43769 20
43769 21
43769 22
43769 23
43777 0
43777 1
43777 2
43777 3
43777 4
43777 5
43777 6
43777 7
43777 8
43777 9
43777 10
43777 11
43777 12
43777 13
43777 14
43777 15
43777 16
43777 17
43777 18
43777 19
43777 20
43777 21
43777 22
43777 23
43777 24
43777 25
43777 26
43777 27
43777 28
43777 29
43777 30
43777 31
43777 32
43777 33
43777 34
43777 35
43777 36
43777 37
43777 38
43777 39
43777 40
43777 41
43777 42
43777 43
43777 44
43777 45
43777 46
43777 47
43777 48
43777 49
43777 50
43777 51
43777 52
43777 53
43777 54
43777 55
43777 56
43777 57
43777 58
43777 59
43777 60
43777 61
43777 62
43777 63
43777 64
43777 65
43777 66
43777 67
43777 68
43777 69
43777 70
43777 71
43777 72
43777 73
43777 74
43777 75
43777 76
43777 77
43777 78
43777 79
43777 80
43777 81
43777 82
43777 83
43777 84
43777 85
43777 86
43777 87
43777 88
43777 89
43777 90
43777 91
43777 92
43777 93
43777 94
43777 95
43777 96
43777 97
43777 98
43777 99
43777 100
43777 101
43777 102
43777 103
43777 104
43777 105
43777 106
43777 107
43777 108
43777 109
43777 110
43777 111
43777 112
43777 113
43777 114
43777 115
43777 116
43777 117
43777 118
43777 119
43777 120
43777 121
43777 122
43777 123
43777 124
43777 125
43777 126
43777 127
43777 128
43777 129
43777 130
43777 131
43777 132
43777 133
43777 134
43777 135
43777 136
43777 137
43777 138
43777 139
43777 140
43777 141
43777 142
43777 143
43777 144
43777 145
43777 146
43777 147
43777 148
43779 0
43779 1
43779 2
43779 3
43779 4
43779 5
43779 6
43779 7
43779 8
43781 0
43783 0
43783 1
43783 2
43783 3
43783 4
43783 5
43783 6
43783 7
43783 8
43783 9
43783 10
43783 11
43783 12
43783 13
43783 14
43783 15
43783 16
43783 17
43783 18
43783 19
43783 20
43783 21
43783 22
43783 23
43783 24
43783 25
43783 26
43783 27
43783 28
43783 29
43783 30
43783 31
43783 32
43783 33
43783 34
43783 35
43783 36
43783 37
43783 38
43783 39
43783 40
43783 41
43783 42
43783 43
43783 44
43783 45
43783 46
43783 47
43783 48
43783 49
43783 50
43783 51
43783 52
43783 53
43783 54
43783 55
43783 56
43783 57
43783 58
43783 59
43783 60
43783 61
43783 62
43783 63
43783 64
43783 65
43783 66
43783 67
43783 68
43783 69
43783 70
43783 71
43783 72
43783 73
43783 74
43783 75
43783 76
43783 77
43783 78
43783 79
43783 80
43783 81
43783 82
43783 83
43783 84
43783 85
43783 86
43783 87
43783 88
43783 89
43783 90
43783 91
43783 92
43783 93
43783 94
43783 95
43783 96
43783 97
43783 98
43783 99
43783 100
43783 101
43783 102
43783 103
43783 104
43783 105
43783 106
43783 107
43783 108
43783 109
43783 110
43783 111
43783 112
43783 113
43783 114
43783 115
43783 116
43783 117
43783 118
43783 119
43783 120
43783 121
43783 122
43783 123
43783 124
43785 0
43785 1
43785 2
43785 3
43785 4
43785 5
43785 6
43785 7
43785 8
43785 9
43785 10
43785 11
43785 12
43785 13
43785 14
43785 15
43787 0
43787 1
43787 2
43787 3
43787 4
43787 5
43787 6
43787 7
43787 8
43787 9
43787 10
43787 11
43787 12
43787 13
43787 14
43787 15
43787 16
43787 17
43787 18
43787 19
43787 20
43787 21
43787 22
43787 23
43787 24
43787 25
43787 26
43787 27
43787 28
43787 29
43787 30
43787 31
43787 32
43787 33
43787 34
43787 35
43787 36
43789 0
43789 1
43789 2
43789 3
43789 4
43789 5
43789 6
43789 7
43789 8
43789 9
43789 10
43789 11
43789 12
43789 13
43789 14
43789 15
43789 16
43789 17
43789 18
43789 19
43789 20
43789 21
43789 22
43789 23
43789 24
43789 25
43789 26
43789 27
43789 28
43789 29
43789 30
43789 31
43789 32
43789 33
43789 34
43789 35
43789 36
43789 37
43789 38
43789 39
43789 40
43789 41
43789 42
43789 43
43789 44
43789 45
43789 46
43789 47
43789 48
43789 49
43789 50
43789 51
43789 52
43789 53
43789 54
43789 55
43789 56
43789 57
43789 58
43789 59
43789 60
43789 61
43789 62
43791 0
43791 1
43791 2
43791 3
43791 4
43791 5
43791 6
43791 7
43791 8
43791 9
43791 10
43791 11
43791 12
43791 13
43791 14
43791 15
43791 16
43791 17
43791 18
43791 19
43791 20
43791 21
43791 22
43791 23
43793 0
43793 1
43793 2
43793 3
43793 4
43793 5
43793 6
43793 7
43793 8
43793 9
43793 10
43793 11
43793 12
43793 13
43793 14
43793 15
43793 16
43793 17
43793 18
43793 19
43793 20
43793 21
43793 22
43793 23
43793 24
43793 25
43793 26
43793 27
43793 28
43793 29
43793 30
43793 31
43793 32
43793 33
43793 34
43793 35
43793 36
43793 37
43793 38
43793 39
43793 40
43793 41
43793 42
43793 43
43793 44
43793 45
43793 46
43793 47
43793 48
43793 49
43793 50
43793 51
43793 52
43793 53
43793 54
43793 55
43793 56
43793 57
43793 58
43793 59
43793 60
43793 61
43793 62
43793 63
43793 64
43795 0
43795 1
43795 2
43795 3
43795 4
43795 5
43795 6
43795 7
43795 8
43795 9
43795 10
43795 11
43795 12
43795 13
43795 14
43795 15
43795 16
43795 17
43795 18
43795 19
43795 20
43795 21
43795 22
43795 23
43795 24
43795 25
43795 26
43795 27
43797 0
43797 1
43797 2
43797 3
43797 4
43797 5
43797 6
43797 7
43797 8
43797 9
43797 10
43797 11
43797 12
43797 13
43797 14
43797 15
43797 16
43797 17
43797 18
43797 19
43797 20
43797 21
43797 22
43797 24
43797 25
43797 26
43797 27
43797 28
43797 29
43797 30
43797 31
43797 32
43797 33
43797 34
43797 35
43797 36
43797 37
43797 38
43797 39
43797 40
43797 41
43797 42
43797 43
43797 44
43797 45
43797 46
43797 47
43797 48
43797 49
43797 50
43797 51
43797 52
43797 53
43797 54
43797 55
43797 56
43799 0
43799 1
43799 2
43799 3
43799 4
43799 5
43799 6
43799 7
43799 8
43799 9
43799 10
43799 11
43799 12
43799 13
43799 14
43799 15
43799 16
43799 17
43799 18
43799 19
43799 20
43799 21
43799 22
43799 23
43799 24
43799 25
43799 26
43801 0
43801 1
43801 2
43801 3
43801 4
43801 5
43801 6
43801 7
43801 8
43801 9
43801 10
43801 11
43801 12
43801 13
43801 14
43801 15
43801 16
43801 17
43801 18
43801 19
43801 21
43801 22
43801 23
43801 24
43801 25
43801 26
43801 27
43801 28
43801 29
43801 30
43801 31
43801 32
43801 33
43801 34
43801 35
43801 36
43801 37
43801 38
43801 39
43801 40
43801 41
43801 42
43801 43
43801 44
43801 45
43801 46
43801 47
43801 48
43801 49
43801 50
43801 51
43801 52
43801 53
43801 54
43801 55
43801 56
43801 57
43801 58
43801 59
43801 60
43801 61
43801 62
43801 63
43801 64
43801 65
43801 66
43801 67
43801 68
43801 69
43803 0
43803 1
43803 2
43803 3
43803 4
43803 5
43803 6
43803 7
43803 8
43803 9
43803 10
43803 11
43803 12
43803 13
43803 14
43803 15
43803 16
43803 17
43803 18
43803 19
43803 20
43803 21
43803 22
43803 23
43803 24
43803 25
43803 26
43803 27
43803 28
43803 29
43803 31
43803 32
43803 33
43803 34
43803 35
43803 36
43803 37
43805 0
43805 1
43805 2
43805 3
43805 4
43805 5
43805 6
43805 7
43805 8
43805 9
43805 10
43805 11
43805 12
43805 13
43805 14
43805 15
43805 16
43805 17
43805 18
43805 19
43805 20
43805 21
43805 22
43805 23
43805 24
43805 25
43805 26
43805 27
43805 28
43805 29
43805 30
43805 31
43805 32
43805 33
43805 34
43805 35
43805 36
43805 37
43805 38
43805 39
43805 40
43805 41
43805 42
43805 43
43805 44
43805 45
43805 46
43805 47
43805 48
43805 49
43805 50
43805 51
43805 52
43805 53
43805 54
43805 55
43805 56
43805 57
43805 58
43805 59
43805 60
43805 61
43805 62
43805 63
43805 64
43805 65
43805 66
43805 67
43805 68
43805 69
43805 70
43805 71
43805 72
43805 73
43805 74
43805 75
43805 76
43805 77
43805 78
43805 79
43805 80
43805 81
43805 82
43807 0
43807 1
43807 2
43807 3
43807 4
43807 5
43807 6
43807 7
43807 8
43807 9
43807 10
43807 11
43807 12
43807 13
43807 14
43807 15
43807 16
43807 17
43807 18
43807 19
43807 20
43807 21
43807 22
43807 23
43807 24
43807 25
43807 26
43807 27
43807 28
43807 29
43807 30
43807 31
43809 0
43809 1
43809 2
43809 3
43809 4
43809 5
43809 6
43809 7
43809 8
43809 9
43809 10
43809 11
43809 12
43809 13
43809 14
43809 15
43809 16
43809 17
43809 18
43809 19
43809 20
43809 21
43809 22
43809 23
43809 24
43809 25
43809 26
43809 27
43809 28
43809 29
43809 30
43809 31
43809 32
43809 33
43809 34
43809 35
43809 36
43809 37
43809 38
43809 39
43809 40
43809 41
43809 42
43809 43
43809 44
43809 45
43809 46
43809 47
43809 48
43809 49
43809 50
43809 51
43809 52
43809 53
43809 54
43809 55
43809 56
43809 57
43809 58
43809 59
43809 60
43809 61
43809 62
43809 63
43809 64
43809 65
43809 66
43809 67
43809 68
43809 69
43809 70
43809 71
43809 72
43809 73
43809 74
43809 75
43809 76
43809 77
43809 78
43809 79
43809 80
43809 81
43809 82
43809 83
43809 84
43809 85
43809 86
43809 87
43809 88
43809 89
43809 90
43809 91
43809 92
43809 93
43809 94
43809 95
43809 96
43809 97
43809 98
43809 99
43809 100
43809 101
43809 102
43809 103
43809 104
43809 105
43809 106
43809 107
43809 108
43809 109
43809 110
43809 111
43811 0
43811 1
43811 2
43811 3
43811 4
43811 5
43811 6
43811 7
43811 8
43811 9
43811 10
43811 11
43811 12
43811 13
43811 14
43811 15
43811 16
43811 17
43811 18
43811 19
43811 20
43811 21
43811 22
43811 23
43811 24
43811 25
43811 26
43811 27
43811 28
43811 29
43811 30
43811 31
43811 32
43811 33
43811 34
43811 35
43811 36
43811 37
43811 38
43811 39
43811 40
43811 41
43811 42
43811 43
43811 44
43811 45
43811 46
43811 47
43811 48
43811 49
43811 50
43811 51
43811 52
43811 53
43811 54
43811 55
43811 56
43811 57
43811 58
43811 59
43811 60
43811 61
43811 62
43811 63
43811 64
43811 65
43811 66
43811 67
43811 68
43811 69
43811 70
43811 71
43811 72
43811 73
43811 74
43811 75
43811 76
43811 77
43811 78
43811 79
43811 80
43811 81
43811 82
43811 83
43811 84
43811 85
43811 86
43811 87
43811 88
43811 89
43811 90
43811 91
43811 92
43811 93
43811 94
43811 95
43811 96
43811 97
43811 98
43811 99
43811 100
43811 101
43811 102
43811 103
43811 104
43811 105
43811 106
43811 107
43811 108
43811 109
43811 110
43811 111
43811 112
43811 113
43811 114
43811 115
43811 116
43811 117
43811 118
43811 119
43811 120
43811 121
43811 122
43811 123
43811 124
43811 125
43811 126
43811 127
43811 128
43811 129
43811 130
43811 131
43811 132
43811 133
43811 134
43811 135
43811 136
43811 137
43811 138
43811 139
43811 140
43811 141
43811 142
43811 143
43811 144
43811 145
43811 146
43811 147
43811 148
43811 149
43811 150
43811 151
43811 152
43811 153
43811 154
43811 155
43811 156
43811 157
43811 158
43811 159
43811 160
43811 161
43813 0
43813 1
43813 2
43813 3
43813 4
43813 5
43813 6
43813 7
43813 8
43813 9
43813 10
43813 11
43813 12
43813 13
43813 14
43813 15
43813 16
43813 17
43813 18
43813 19
43813 20
43813 21
43813 22
43813 23
43813 24
43813 25
43813 26
43813 27
43813 28
43813 29
43813 30
43813 31
43813 32
43813 33
43813 34
43813 35
43813 36
43813 37
43813 38
43813 39
43813 40
43813 41
43817 0
43823 0
43823 1
43823 2
43823 3
43823 4
43823 5
43823 6
43823 7
43823 8
43823 9
43823 10
43823 11
43823 12
43823 13
43823 14
43823 15
43823 16
43823 17
43823 18
43823 19
43823 20
43823 21
43823 22
43823 23
43823 24
43823 25
43823 26
43823 27
43823 28
43823 29
43823 30
43823 31
43823 32
43823 33
43823 34
43823 35
43823 36
43823 37
43823 38
43823 39
43823 40
43823 41
43823 42
43823 43
43823 44
43823 45
43823 46
43823 47
43823 48
43823 49
43823 50
43823 51
43823 52
43823 53
43823 54
43823 55
43823 56
43823 57
43823 58
43823 59
43823 60
43823 61
43827 0
43827 1
43827 2
43827 3
43827 4
43827 5
43827 6
43827 7
43827 8
43827 9
43827 10
43835 0
43835 1
43835 2
43841 0
43841 1
43841 2
43841 3
43841 4
43841 5
43841 6
43841 7
43841 8
43841 9
43841 10
43841 11
43841 12
43841 13
43841 14
43841 15
43841 16
43841 17
43841 18
43841 19
43841 20
43841 21
43841 22
43841 23
43841 24
43841 25
43843 0
43843 1
43843 2
43843 3
43843 4
43843 5
43843 6
43843 7
43843 8
43843 9
43843 10
43843 11
43843 12
43843 13
43843 14
43843 15
43843 16
43843 17
43843 18
43843 19
43843 20
43843 21
43843 22
43843 23
43843 24
43843 25
43843 26
43843 27
43843 28
43843 29
43843 30
43843 31
43843 32
43843 33
43843 34
43843 35
43843 36
43843 37
43843 38
43843 39
43843 40
43843 41
43843 42
43843 43
43843 44
43843 45
43843 46
43843 47
43843 48
43843 49
43843 50
43843 51
43843 52
43843 53
43843 54
43843 55
43843 56
43843 57
43843 58
43843 59
43843 60
43843 61
43843 62
43843 63
43843 64
43843 65
43843 66
43843 67
43843 68
43843 69
43843 70
43843 71
43843 72
43843 73
43843 74
43843 75
43843 76
43843 77
43843 78
43843 79
43843 80
43843 81
43843 82
43843 83
43843 84
43843 85
43843 86
43843 87
43843 88
43843 89
43843 90
43843 91
43843 92
43843 93
43843 94
43843 95
43843 96
43843 97
43843 98
43843 99
43843 100
43843 101
43843 102
43843 103
43843 104
43843 105
43843 106
43843 107
43843 108
43845 0
43845 1
43845 2
43845 3
43845 4
43845 5
43845 6
43845 7
43845 8
43845 9
43845 10
43845 11
43845 12
43845 13
43845 14
43845 15
43845 16
43845 17
43845 18
43845 19
43845 20
43845 21
43845 22
43845 23
43845 24
43845 25
43845 26
43845 27
43845 28
43845 29
43845 30
43845 31
43845 32
43845 33
43845 34
43845 35
43845 36
43845 37
43845 38
43845 39
43845 40
43845 41
43845 42
43845 43
43845 44
43845 45
43845 46
43845 47
43845 48
43845 49
43845 50
43845 51
43845 52
43845 53
43845 54
43845 55
43845 56
43845 57
43845 58
43845 59
43845 60
43845 61
43845 62
43845 63
43845 64
43845 65
43845 66
43845 67
43845 68
43845 69
43845 70
43845 71
43845 72
43845 73
43845 74
43845 75
43845 76
43845 77
43845 78
43845 79
43845 80
43845 81
43845 82
43845 83
43845 84
43845 85
43845 86
43845 87
43845 88
43845 89
43845 90
43845 91
43845 92
43845 93
43845 94
43845 95
43845 96
43845 97
43845 98
43845 99
43845 100
43845 101
43845 102
43845 103
43845 104
43845 105
43845 106
43845 107
43845 108
43845 109
43845 110
43845 111
43845 112
43845 113
43845 114
43845 115
43845 116
43845 117
43845 118
43845 119
43845 120
43845 121
43845 122
43845 123
43845 124
43845 125
43845 126
43845 127
43845 128
43845 129
43845 130
43845 131
43845 132
43845 133
43845 134
43845 135
43845 136
43845 137
43845 138
43845 139
43845 140
43845 141
43845 142
43845 143
43845 144
43845 145
43845 146
43845 147
43845 148
43845 149
43845 150
43845 151
43845 152
43845 153
43845 154
43845 155
43845 156
43845 157
43845 158
43845 159
43845 160
43845 161
43845 162
43845 163
43845 164
43845 165
43845 166
43845 167
43845 168
43845 169
43845 170
43845 171
43845 172
43845 173
43845 174
43845 175
43845 176
43845 177
43845 178
43845 179
43845 180
43845 181
43845 182
43845 183
43845 184
43845 185
43845 186
43845 187
43845 188
43845 189
43845 190
43845 191
43845 192
43845 193
43845 194
43845 195
43845 196
43845 197
43845 198
43845 199
43845 200
43845 201
43845 202
43845 203
43845 204
43845 205
43845 206
43845 207
43845 208
43845 209
43845 210
43845 211
43845 212
43845 213
43845 214
43845 215
43845 216
43845 217
43845 218
43845 219
43845 220
43845 221
43845 222
43845 223
43845 224
43845 225
43845 226
43845 227
43845 228
43845 229
43845 230
43845 231
43845 232
43845 233
43845 234
43845 235
43845 236
43845 237
43845 238
43845 239
43845 240
43845 241
43845 242
43845 243
43845 244
43845 245
43845 246
43845 247
43845 248
43845 249
43845 250
43845 251
43845 252
43845 253
43845 254
43845 255
43845 256
43845 257
43845 258
43845 259
43845 260
43845 261
43845 262
43845 263
43845 264
43845 265
43845 266
43845 267
43845 268
43845 269
43845 270
43845 271
43845 272
43845 273
43845 274
43845 275
43845 276
43845 277
43845 278
43845 279
43845 280
43845 281
43845 282
43845 283
43845 284
43845 285
43845 286
43845 287
43845 288
43845 289
43845 290
43845 291
43845 292
43845 293
43845 294
43845 295
43845 296
43845 297
43845 298
43845 299
43845 300
43845 301
43845 302
43845 303
43845 304
43845 305
43845 306
43845 307
43845 308
43845 309
43845 310
43845 311
43847 0
43847 1
43847 2
43847 3
43847 4
43847 5
43847 6
43847 7
43847 8
43847 9
43847 10
43847 11
43847 12
43847 13
43847 14
43847 15
43847 16
43847 17
43847 18
43847 19
43847 20
43847 21
43847 22
43847 23
43847 24
43847 25
43847 26
43847 27
43847 28
43847 29
43847 30
43847 31
43847 32
43847 33
43847 34
43847 35
43847 36
43847 37
43847 38
43847 39
43847 40
43847 41
43847 42
43847 43
43847 44
