43636 4
43636 17
43636 39
43642 2
43644 0
43646 23
43650 2
43652 8
43652 19
43652 30
43654 0
43656 55
43662 6
43662 8
43662 11
43664 33
43666 10
43666 25
43666 30
43668 3
43668 13
43668 24
43668 62
43668 103
43668 104
43668 108
43682 1
43682 56
43682 69
43682 70
43688 11
43688 29
43698 2
43702 0
43712 3
43714 27
43716 10
43718 3
43722 11
43722 24
43724 6
43726 1
43726 8
43728 1
43740 4
43742 28
43742 38
43742 40
43745 4
43747 12
43747 23
43749 8
43749 17
43751 9
43751 52
43751 61
43751 73
43751 95
43753 6
43755 8
43757 23
43757 39
43757 40
43757 54
43757 95
43769 9
43777 54
43777 106
43783 11
43783 95
43783 120
43787 1
43787 10
43787 23
43789 49
43793 37
43795 15
43795 18
43795 19
43797 7
43797 24
43797 26
43797 29
43797 40
43797 54
43799 0
43799 14
43799 26
43799 10
43801 57
43803 18
43805 53
43805 55
43805 73
43807 5
43807 20
43807 28
43809 8
43809 52
43809 67
43809 92
43811 10
43811 11
43811 15
43811 34
43811 35
43811 43
43811 89
43811 96
43811 108
43823 5
43823 31
43827 8
43841 12
43843 0
43843 39
43843 42
43843 59
43845 6
43845 67
43845 89
43845 92
43845 111
43845 136
43845 138
43845 146
43845 163
43845 175
43845 230
43845 231
43845 251
43845 257
43847 44