49736 0 0 0 0 0 0 0 0
47280 0 0 -16 0 0 0 0 0
47561 0 0 -16 0 0 0 0 0
47765 0 0 -16 0 0 0 0 0
47763 0 0 -16 0 0 0 0 0
47761 0 0 -16 0 0 0 0 0
48133 0 0 -16 0 0 0 0 0
48137 0 0 -16 0 0 0 0 0
48139 0 0 -16 0 0 0 0 0
48135 0 0 -16 0 0 0 0 0
48163 0 0 -16 0 0 0 0 0
48165 0 0 -16 0 0 0 0 0
48156 0 0 -16 0 0 0 0 0
48167 0 0 -16 0 0 0 0 0
48131 0 0 -16 0 0 0 0 0
48213 0 0 -16 0 0 0 0 0
48229 0 0 -16 0 0 0 0 0
48231 0 0 -16 0 0 0 0 0
48240 0 0 -16 0 0 0 0 0
48244 0 0 -16 0 0 0 0 0
48158 0 0 -16 0 0 0 0 0
48242 0 0 -16 0 0 0 0 0
48246 0 -16 -16 0 0 0 0 0
48250 0 -16 -16 0 0 0 0 0
48252 0 -16 -16 0 0 0 0 0
48248 0 -16 -16 0 0 0 0 0
48254 0 -16 -16 0 0 0 0 0
48258 0 -16 -16 0 0 0 0 0
48256 0 -16 -16 0 0 0 0 0
48260 0 -16 -16 0 0 0 0 0
48266 0 -16 -16 0 0 0 0 0
48268 0 -16 -16 0 0 0 0 0
48262 0 -16 -16 0 0 0 0 0
48264 0 -16 -16 0 0 0 0 0
48274 0 -16 -16 0 0 0 0 0
48276 0 -16 -16 0 0 0 0 0
48272 0 -16 -16 0 0 0 0 0
48270 0 -16 -16 0 0 0 0 0
48282 0 -16 -16 0 0 0 0 0
48284 0 -16 -16 0 0 0 0 0
48280 0 -16 -16 0 0 0 0 0
48278 0 -16 -16 0 0 0 0 0
48286 0 -16 -16 0 0 0 0 0
48290 0 -16 -16 0 0 0 0 0
48288 0 -16 -16 0 0 0 0 0
48294 0 -16 -16 0 0 0 0 0
48292 0 -16 -16 0 0 0 0 0
48296 0 -16 -16 0 0 0 0 0
48300 0 -16 -16 0 0 0 0 0
48302 0 -16 -16 0 0 0 0 0
48298 0 -16 -16 0 0 0 0 0
48306 0 -16 -16 0 0 0 0 0
48308 0 -16 -16 0 0 0 0 0
48304 0 -16 -16 0 0 0 0 0
48310 0 -16 -16 0 0 0 0 0
48312 0 -16 -16 0 0 0 0 0
48316 0 -16 -16 0 0 0 0 0
48318 0 -16 -16 0 0 0 0 0
48314 0 -16 -16 0 0 0 0 0
48322 0 -16 -16 0 0 0 0 0
48324 0 -16 -16 0 0 0 0 0
48320 0 -16 -16 0 0 0 0 0
48326 0 -16 -16 0 0 0 0 0
48328 0 -16 -16 0 0 0 0 0
48330 0 -16 -16 0 0 0 0 0
48332 0 -16 -16 0 0 0 0 0
48334 0 -16 -16 0 0 0 0 0
48338 0 -16 -16 0 0 0 0 0
48336 0 -16 -16 0 0 0 0 0
48340 0 -16 -16 0 0 0 0 0
48346 0 -16 -16 0 0 0 0 0
48344 0 -16 -16 0 0 0 0 0
48342 0 -16 -16 0 0 0 0 0
48348 0 -16 -16 0 0 0 0 0
48350 0 -16 -16 0 0 0 0 0
48356 0 -16 -16 0 0 0 0 0
48352 0 -16 -16 0 0 0 0 0
48358 0 -16 -16 0 0 0 0 0
48354 0 -16 -16 0 0 0 0 0
48362 0 -16 -16 0 0 0 0 0
48366 0 -16 -16 0 0 0 0 0
48360 0 -16 -16 0 0 0 0 0
48368 0 -16 -16 0 0 0 0 0
48364 0 -16 -16 0 0 0 0 0
48372 0 -16 -16 0 0 0 0 0
48370 0 -16 -16 0 0 0 0 0
48376 0 -16 -16 0 0 0 0 0
48378 0 -16 -16 0 0 0 0 0
48374 0 -16 -16 0 0 0 0 0
48382 0 -16 -16 0 0 0 0 0
48386 0 -16 -16 0 0 0 0 0
48388 0 -16 -16 16 0 0 16 0
48380 0 -16 -16 16 0 0 16 0
48384 0 -16 -16 16 0 0 16 0
48390 0 -16 -16 16 0 0 16 0
48392 0 -16 -16 16 0 0 16 0
48398 0 -16 -16 16 0 0 16 0
48394 0 -16 -16 16 0 0 16 0
48400 0 -16 -16 16 0 0 16 0
48396 0 -16 -16 16 0 0 16 0
48402 0 -16 -16 16 0 0 16 0
48404 0 -16 -16 16 0 0 16 0
48406 0 -16 -16 16 0 0 16 0
48410 0 -16 -16 16 0 0 16 0
48412 0 -16 -16 16 0 0 16 0
48414 0 -16 -16 16 0 0 16 0
48408 0 -16 -16 16 0 0 16 0
48416 0 -16 -16 16 0 0 16 0
48420 0 -16 -16 16 0 0 16 0
48422 0 -16 -16 16 0 0 16 0
48418 0 -16 -16 16 0 0 16 0
48424 0 -16 -16 16 0 0 16 0
48426 0 -16 -16 16 0 0 16 0
48432 0 -16 -16 16 0 0 16 0
48430 16 -16 -16 16 16 0 16 0
48434 16 -16 -16 16 16 0 16 0
48428 16 -16 -16 16 16 0 16 0
48438 16 -16 -16 16 16 0 16 0
48440 16 -16 -16 16 16 0 16 0
48436 16 -16 -16 16 16 0 16 0
48442 16 -16 -16 16 16 0 16 0
48444 16 -16 -16 16 16 0 16 0
48446 16 -16 -16 16 16 0 16 0
48450 16 -16 -16 16 16 0 16 0
48448 16 -16 -16 16 16 0 16 0
48454 16 -16 -16 16 16 0 16 0
48452 16 -16 -16 16 16 0 16 0
48458 16 -16 -16 16 16 0 16 0
48460 16 -16 -16 16 16 0 16 0
48456 16 -16 -16 16 16 0 16 0
48462 16 -16 -16 16 16 0 16 0
48464 16 -16 -16 16 16 0 16 0
48466 16 -16 -16 16 16 0 16 0
48470 16 -16 -16 16 16 0 16 0
48468 16 -16 -16 16 16 0 16 0
48474 16 -16 -16 16 16 0 16 0
48476 16 -16 -16 16 16 0 16 0
48472 16 -16 -16 16 16 0 16 0
48478 16 -16 -16 16 16 0 16 0
48482 16 -16 -16 16 16 0 16 0
48484 16 -16 -16 16 16 0 16 0
48480 16 -16 -16 16 16 0 16 0
48486 16 -16 -16 16 16 0 16 0
48488 16 -16 -16 16 16 0 16 0
48490 16 -16 -16 16 16 0 16 0
48492 16 -16 -16 16 16 0 16 0
48494 16 -16 -16 16 16 0 16 0
48786 16 -16 -16 16 16 0 16 0
48784 16 -16 -16 16 16 0 16 0
48788 16 -16 -16 16 16 0 16 0
48782 16 -16 -16 16 16 0 16 0
48792 16 -16 -16 16 16 0 16 0
48790 16 -16 -16 16 16 0 16 0
48794 16 -16 -16 16 16 0 16 0
48796 16 -16 -16 16 16 0 16 0
48798 16 -16 -16 16 16 0 16 0
48800 16 -16 -16 16 16 0 16 0
48802 16 -16 -16 16 16 0 16 0
48804 16 -16 -16 16 16 0 16 0
48806 16 -16 -16 16 16 0 16 0
48808 16 -16 -16 16 16 0 16 0
48810 16 -16 -16 16 16 0 16 0
48812 16 -16 -16 16 16 0 16 0
48818 16 -16 -16 16 16 0 16 0
48814 16 -16 -16 16 16 0 16 0
48816 16 -16 -16 16 16 0 16 0
48820 16 -16 -16 16 16 0 16 0
48822 16 -16 -16 16 16 0 16 0
48824 16 -16 -16 16 16 0 16 0
48826 16 -16 -16 16 16 0 16 0
48828 16 -16 -16 16 16 0 16 0
48832 16 -16 -16 16 16 0 16 0
48834 16 -16 -16 16 16 0 16 0
48830 16 -16 -16 16 16 0 16 0
48836 16 -16 -16 16 16 0 16 0
48838 16 -16 -16 16 16 0 16 0
48840 16 -16 -16 16 16 0 16 0
48844 16 -16 -16 16 16 0 16 0
48846 16 -16 -16 16 16 0 16 0
48848 16 -16 -16 16 16 0 16 0
48842 16 -16 -16 16 16 0 16 0
48850 16 -16 -16 16 16 0 16 0
48852 16 -16 -16 16 16 0 16 0
48854 16 -16 -16 16 16 0 16 0
48858 16 -16 -16 16 16 0 16 0
48856 16 -16 -16 16 16 0 16 0
48864 16 -16 -16 16 16 0 16 0
48860 16 -16 -16 16 16 0 16 0
48862 16 -16 -16 16 16 0 16 0
48868 16 -16 -16 16 16 0 16 0
48866 16 -16 -16 16 16 0 16 0
48870 16 -16 -16 16 16 0 16 0
48874 16 -16 -16 16 16 0 16 0
48872 16 -16 -16 16 16 0 16 0
48882 16 -16 -16 16 16 0 16 0
48876 16 -16 -16 16 16 0 16 0
48878 16 -16 -16 16 16 0 16 0
48880 16 -16 -16 16 16 0 16 0
48888 16 -16 -16 16 16 0 16 0
48884 16 -16 -16 16 16 0 16 0
48886 16 -16 -16 16 16 0 16 0
48890 16 -16 -16 16 16 0 16 0
48892 16 -16 -16 16 16 0 16 0
48900 16 -16 -16 16 16 0 16 0
48896 16 -16 -16 16 16 0 16 0
48894 16 -16 -16 16 16 0 16 0
48898 16 -16 -16 16 16 0 16 0
48902 16 -16 -16 16 16 0 16 0
48904 16 -16 -16 16 16 0 16 0
48908 16 -16 -16 16 16 0 16 0
48910 16 -16 -16 16 16 0 16 0
48906 16 -16 -16 16 16 0 16 0
48914 16 -16 -16 16 16 0 16 0
48918 16 -16 -16 16 16 0 16 0
48912 16 -16 -16 16 16 0 16 0
48920 16 -16 -16 16 16 0 16 0
48916 16 -16 -16 16 16 0 16 0
48922 16 -16 -16 16 16 0 16 0
48924 16 -16 -16 16 16 0 16 0
48926 16 -16 -16 16 16 0 16 0
48930 16 -16 -16 16 16 0 16 0
48932 16 -16 -16 16 16 0 16 0
48936 16 -16 -16 16 16 0 16 0
48928 16 -16 -16 16 16 0 16 0
48934 16 -16 -16 16 16 0 16 0
48938 16 -16 -16 16 16 0 16 0
48942 16 -16 -16 16 16 0 16 0
48940 16 -16 -16 16 16 0 16 0
48946 16 -16 -16 16 16 0 16 0
48948 16 -16 -16 16 16 0 16 0
48944 16 -16 -16 16 16 0 16 0
48952 16 -16 -16 16 16 0 16 0
48954 16 -16 -16 16 16 0 16 0
48950 16 -16 -16 16 16 0 16 0
48956 16 -16 -16 16 16 0 16 0
48958 16 -16 -16 16 16 0 16 0
48960 16 -16 -16 16 16 0 16 0
48964 16 -16 -16 16 16 0 16 0
48962 16 -16 -16 16 16 0 16 0
48970 16 -16 -16 16 16 0 16 0
48972 16 -16 -16 16 16 0 16 0
48966 16 -16 -16 16 16 0 16 0
48968 16 -16 -16 16 16 0 16 0
48976 16 -16 -16 16 16 0 16 0
48978 16 -16 -16 16 16 0 16 0
48974 16 -16 -16 16 16 0 16 0
48982 16 -16 -16 16 16 0 16 0
48984 16 -16 -16 16 16 0 16 0
48980 16 -16 -16 16 16 0 16 0
48988 16 -16 -16 16 16 0 16 0
48990 16 -16 -16 16 16 0 16 0
48994 16 -16 -16 16 16 0 16 0
48992 16 -16 -16 16 16 0 16 0
48996 16 -16 -16 16 16 0 16 0
48998 16 -16 -16 16 16 0 16 0
49000 16 -16 -16 16 16 0 16 0
49006 16 -16 -16 16 16 0 16 0
49002 16 -16 -16 16 16 0 16 0
49010 16 -16 -16 16 16 0 16 0
49008 16 -16 -16 16 16 0 16 0
49014 16 -16 -16 16 16 0 16 0
49012 16 -16 -16 16 16 0 16 0
49016 16 -16 -16 16 16 0 16 0
49018 16 -16 -16 16 16 0 16 0
49020 16 -16 -16 16 16 0 16 0
49022 16 -16 -16 16 16 0 16 0
49026 16 -16 -16 16 16 0 16 0
49028 16 -16 -16 16 16 0 16 0
49030 16 -16 -16 16 16 0 16 0
49024 16 -16 -16 16 16 0 16 0
49034 16 -16 -16 16 16 0 16 0
49032 16 -16 -16 16 16 0 16 0
49038 16 -16 -16 16 16 0 16 0
49036 16 -16 -16 16 16 0 16 0
49040 16 -16 -16 16 16 0 16 0
49042 16 -16 -16 16 16 0 16 0
49048 16 -16 -16 16 16 0 16 0
49044 16 -16 -16 16 16 0 16 0
49050 16 -16 -16 16 16 0 16 0
49046 16 -16 -16 16 16 0 16 0
49054 16 -16 -16 16 16 0 16 0
49056 16 -16 -16 16 16 0 16 0
49052 16 -16 -16 16 16 0 16 0
49058 16 -16 -16 16 16 0 16 0
49062 16 -16 -16 16 16 0 16 0
49064 16 -16 -16 16 16 0 16 0
49060 16 -16 -16 16 16 0 16 0
49066 16 -16 -16 16 16 0 16 0
49070 16 -16 -16 16 16 0 16 0
49068 16 -16 -16 16 16 0 16 0
49072 16 -16 -16 16 16 0 16 0
49074 16 -16 -16 16 16 0 16 0
49076 16 -16 -16 16 16 0 16 0
49079 16 -16 -16 16 16 0 16 0
49081 16 -16 -16 16 16 0 16 0
49083 16 -16 -16 16 16 0 16 0
49085 16 -16 -16 16 16 0 16 0
49087 16 -16 -16 16 16 0 16 0
49091 16 -16 -16 16 16 0 16 0
49093 16 -16 -16 16 16 0 16 0
49095 16 -16 -16 16 16 0 16 0
49097 16 -16 -16 16 16 0 16 0
49101 16 -16 -16 16 16 0 16 0
49099 16 -16 -16 16 16 0 16 0
49105 16 -16 -16 16 16 0 16 0
49107 16 -16 -16 16 16 0 16 0
49109 16 -16 -16 16 16 0 16 0
49111 16 -16 -16 16 16 0 16 0
49113 16 -16 -16 16 16 0 16 0
49115 16 -16 -16 16 16 0 16 0
49117 16 -16 -16 16 16 0 16 0
49119 16 -16 -16 16 16 0 16 0
49123 16 -16 -16 16 16 0 16 0
49125 16 -16 -16 16 16 0 16 0
49127 16 -16 -16 16 16 16 16 0
49121 16 -16 -16 16 16 16 16 0
49129 16 -16 -16 16 16 16 16 0
49131 16 -16 -16 16 16 16 16 0
49135 16 -16 -16 16 16 16 16 0
49137 16 -16 -16 16 16 16 16 0
49139 16 -16 -16 16 16 16 16 0
49133 16 -16 -16 16 16 16 16 0
49141 16 -16 -16 16 16 16 16 0
49143 16 -16 -16 16 16 16 16 0
49145 16 -16 -16 16 16 16 16 0
49147 16 -16 -16 16 16 16 16 0
49151 16 -16 -16 16 16 16 16 0
49153 16 -16 -16 16 16 16 16 0
49149 16 -16 -16 16 16 16 16 0
49155 16 -16 -16 16 16 16 16 0
49157 16 -16 -16 16 16 16 16 0
49159 16 -16 -16 16 16 16 16 0
49163 16 -16 -16 16 16 16 16 0
49165 16 -16 -16 16 16 16 16 0
49161 16 -16 -16 16 16 16 16 0
49167 16 -16 -16 16 16 16 16 0
49169 16 -16 -16 16 16 16 16 0
49171 16 -16 -16 16 16 16 16 0
49173 16 -16 -16 16 16 16 16 0
49175 16 -16 -16 16 16 16 16 0
49177 16 -16 -16 16 16 16 16 0
49181 16 -16 -16 16 16 16 16 0
49183 16 -16 -16 16 16 16 16 0
49179 16 -16 -16 16 16 16 16 0
49185 16 -16 -16 16 16 16 16 0
49187 16 -16 -16 16 16 16 16 0
49189 16 -16 -16 16 16 16 16 0
49195 16 -16 -16 16 16 16 16 0
49197 16 -16 -16 16 16 16 16 0
49193 16 -16 -16 16 16 16 16 0
49199 16 -16 -16 16 16 16 16 0
49201 16 -16 -16 16 16 16 16 0
49203 16 -16 -16 16 16 16 16 0
49205 16 -16 -16 16 16 16 16 0
49207 16 -16 -16 16 16 16 16 0
49227 16 -16 -16 16 16 16 16 0
49229 16 -16 -16 16 16 16 16 0
49209 16 -16 -16 16 16 16 16 0
49225 16 -16 -16 16 16 16 16 0
49231 16 -16 -16 16 16 16 16 0
49235 16 -16 -16 16 16 16 16 0
49239 16 -16 -16 16 16 16 16 0
49237 16 -16 -16 16 16 16 16 0
49233 16 -16 -16 16 16 16 16 0
49241 16 -16 -16 16 16 16 16 0
49631 16 -16 -16 16 16 16 16 0
49627 16 -16 -16 16 16 16 16 0
49633 16 -16 -16 16 16 16 16 0
49635 16 -16 -16 16 16 16 16 0
49639 16 -16 -16 16 16 16 16 0
49637 16 -16 -16 16 16 16 16 0
49629 16 -16 -16 16 16 16 16 0
49641 16 -16 -16 16 16 16 16 0
49645 16 -16 -16 16 16 16 16 0
49643 16 -16 -16 16 16 16 16 0
49647 16 -16 -16 16 16 16 16 0
49649 16 -16 -16 16 16 16 16 0
49653 16 -16 -16 16 16 16 16 0
49655 16 -16 -16 16 16 16 16 0
49657 16 -16 -16 16 16 16 16 0
49659 16 -16 -16 16 16 16 16 0
49651 16 -16 -16 16 16 16 16 0
49661 16 -16 -16 16 16 16 16 0
49663 16 -16 -16 16 16 16 16 0
49669 16 -16 -16 16 16 16 16 0
49665 16 -16 -16 16 16 16 16 0
49671 16 -16 -16 16 16 16 16 0
49667 16 -16 -16 16 16 16 16 0
49673 16 -16 -16 16 16 16 16 0
49675 16 -16 -16 16 16 16 16 0
49681 16 -16 -16 16 16 16 16 0
49677 16 -16 -16 16 16 16 16 0
49683 16 -16 -16 16 16 16 16 0
49687 16 -16 -16 16 16 16 16 0
49685 16 -16 -16 16 16 16 16 0
49691 16 -16 -16 16 16 16 16 0
49689 16 -16 -16 16 16 16 16 0
49702 16 -16 -16 16 16 16 16 0
49700 16 -16 -16 16 16 16 16 0
49710 16 -16 -16 16 16 16 16 0
49712 16 -16 -16 16 16 16 16 0
49708 16 -16 -16 16 16 16 16 0
49714 16 -16 -16 16 16 16 16 0
49730 16 -16 -16 16 16 16 16 0
49738 16 -16 -16 16 16 16 16 0
49750 16 -16 -16 16 16 16 16 0
49734 16 -16 -16 16 16 16 16 0
49732 16 -16 -16 16 16 16 16 0
49753 16 -16 -16 16 16 16 16 0
